ID	LAT	LON	DEPTH	X	Y	Z	EX	EY	EZ	YR	MO	DY	HR	MI	SC	MAG	NCC-P	CC-S	CT-P	CT-S	RMSCC	RMSCT	CID	maxhor-m	minhor-m	maxazi
201901126	46.325675	7.379412	0.673	1813.3	396.2	-3616.2	33.9	41.8	113.8	2019	1	22	19	50	50.88	0.2	3	7	36	31	0.002	0.022	1	86.7	64.4	22.2
201902029	46.313586	7.340806	3.322	-1159.9	-947.6	-967.5	21.3	6.3	15.9	2019	2	7	5	57	53.95	0.4	494	1	46	32	0.002	0.032	1	42.9	11.8	96.1
201903023	46.3165	7.335268	4.494	-1586.3	-623.7	205.1	12.1	10.2	19	2019	3	8	14	49	15.85	0.6	125	44	78	48	0.003	0.037	1	26.7	17.4	57.3
201903025	46.316243	7.335655	4.571	-1556.6	-652.2	281.4	13.1	9.7	19.5	2019	3	8	15	54	30.51	0.3	175	57	66	52	0.003	0.024	1	29	15.3	60.6
201903027	46.315873	7.335478	4.577	-1570.2	-693.4	288.1	14.1	10.3	19.3	2019	3	8	20	44	16.28	0.1	99	38	61	47	0.003	0.026	1	30.3	17.4	63.3
201903028	46.315678	7.335188	4.569	-1592.5	-715.1	279.6	18.1	10.9	19.5	2019	3	8	22	24	41.2	2	201	80	116	74	0.003	0.035	1	38.9	16.9	66.5
201903029	46.316524	7.335315	4.497	-1582.7	-621	208.2	12.3	9.7	20.4	2019	3	8	22	29	47.64	0.2	110	55	80	48	0.002	0.028	1	26.8	16.6	60.7
201903030	46.316394	7.33598	4.573	-1531.5	-635.5	283.4	12.8	9.8	18.2	2019	3	8	22	35	23.38	0.3	212	86	89	60	0.003	0.027	1	28.1	15.8	60.3
201903031	46.316256	7.335131	4.515	-1596.9	-650.9	225.7	12.5	9.9	21.3	2019	3	8	22	38	28.08	0.8	244	60	105	63	0.003	0.028	1	27.7	15.9	58.5
201903032	46.316614	7.336486	4.575	-1492.5	-611.1	285.6	12.7	9.8	19.1	2019	3	9	0	42	1.86	0.8	217	80	132	60	0.003	0.031	1	27.8	16	60.2
201903033	46.316309	7.335887	4.574	-1538.7	-645	284.5	13	10.1	18.2	2019	3	9	0	53	17.21	0.5	246	93	99	64	0.003	0.029	1	28.7	16.3	59.9
201903039	46.316406	7.336575	4.593	-1485.7	-634.1	304.3	13.1	9.8	19	2019	3	9	16	6	24.22	0.2	163	52	54	42	0.003	0.04	1	28.7	15.9	60.7
201903118	46.315678	7.336738	0.874	-1473.2	-715.1	-3415.4	86	117.8	189.4	2019	3	22	22	59	47.04	0.4	301	1	64	25	0.001	0.034	1	275	99.4	33.3
201903135	46.314502	7.350537	4.352	-410.4	-845.8	62.6	11.5	10.1	31.4	2019	3	27	12	52	6.16	0.4	471	84	37	44	0.002	0.028	1	25	17.8	56
201904047	46.313578	7.329092	5.696	-2062.1	-948.5	1406.4	79.6	108.1	78	2019	4	8	17	33	49.48	0.5	108	1	66	31	0.003	0.039	1	257.6	78.1	145.4
201904048	46.312	7.330949	5.47	-1919.1	-1124	1180.8	71.6	30.9	117	2019	4	8	19	24	32.08	0.8	28	14	101	60	0.003	0.038	1	155.6	15.3	67.2
201904056	46.312138	7.328803	5.49	-2084.3	-1108.6	1200.6	111.5	173.5	174.6	2019	4	9	13	39	42.07	0.6	83	2	57	48	0.003	0.025	1	398.6	110.1	149.5
201905066	46.314799	7.33678	2.956	-1469.9	-812.8	-1333.3	9.2	8.3	16.2	2019	5	17	18	19	15.76	0.3	476	38	56	36	0.002	0.034	1	21.2	13	51.6
201907135	46.325798	7.379561	0.659	1824.8	409.8	-3629.9	34.3	41	112.5	2019	7	29	14	9	39.67	1.2	132	8	36	35	0.001	0.027	1	87.9	61.4	29.6
201908031	46.325167	7.36734	2.838	883.6	339.7	-1451.3	193.2	92.3	225.8	2019	8	7	14	21	0.42	0.2	372	73	57	21	0.003	0.035	1	421.6	81.1	66.3
201908089	46.326611	7.340322	3.89	-1197	500.2	-399.3	29.7	27.2	66.4	2019	8	21	3	25	57.03	1	449	17	131	106	0.002	0.046	1	70.8	39	130.2
201909162	46.329606	7.35133	4.136	-349.3	833.1	-152.7	42.1	11.4	37.7	2019	9	28	7	1	2.24	0.6	389	107	54	19	0.002	0.053	1	86.5	12.7	77.2
201910185	46.323201	7.354064	3.54	-138.7	121.2	-749.5	37	18.8	62	2019	10	24	8	5	30.04	0.2	454	2	40	59	0.002	0.027	1	74.8	36.4	81.7
201911007	46.313147	7.342944	3.495	-995.2	-996.4	-794.6	12.4	6.2	14.9	2019	11	1	15	51	38.22	0.6	571	3	61	42	0.002	0.034	1	25	12.3	85.7
201911039	46.322616	7.360776	4.147	378.2	56.1	-141.7	8.1	8.4	32.3	2019	11	5	0	54	21.36	3.3	260	459	205	196	0.004	0.057	1	17.4	15.8	144.8
201911040	46.323169	7.363931	4.461	621.2	117.6	172.3	7	6.2	17.9	2019	11	5	1	3	6.5	0.6	430	541	116	94	0.002	0.029	1	14.4	11.9	63.9
201911041	46.321912	7.357085	4.033	93.9	-22.2	-256.3	6.8	6.2	16.4	2019	11	5	1	6	27.21	0.8	780	943	110	95	0.003	0.03	1	14.1	11.8	59.8
201911042	46.321684	7.356161	4.209	22.8	-47.5	-80.4	7.1	6.3	17.2	2019	11	5	1	12	25.8	0.4	604	518	49	51	0.003	0.041	1	14.3	12.3	71
201911043	46.322009	7.359019	4.166	242.9	-11.3	-123.2	7.2	6.3	18	2019	11	5	1	33	3.03	0.8	453	608	109	93	0.003	0.037	1	15	11.9	62.7
201911044	46.323165	7.364029	4.475	628.7	117.1	185.4	7.1	6.2	18.2	2019	11	5	1	34	37.58	0.7	462	653	110	100	0.003	0.031	1	14.5	12	69.7
201911045	46.323735	7.360984	4.01	394.2	180.5	-279.5	7.1	6.2	17.2	2019	11	5	1	35	20.44	0.9	634	633	102	104	0.003	0.038	1	14.6	12	65
201911046	46.321903	7.355724	4.068	-10.9	-23.1	-220.9	6.8	5.9	18.9	2019	11	5	1	38	42.33	0.6	668	729	121	117	0.003	0.033	1	14.1	11.4	65.2
201911047	46.32417	7.363824	4.315	612.9	228.9	25.6	7.1	6.3	16.8	2019	11	5	1	43	30.18	1.4	646	891	124	106	0.003	0.035	1	14.4	12.4	68.2
201911048	46.32218	7.358827	4.08	228.1	7.7	-209.5	7.1	6.1	17.1	2019	11	5	1	56	7.69	0.5	447	450	129	146	0.002	0.038	1	14.6	11.6	65
201911049	46.323063	7.364078	4.502	632.5	105.8	213.2	7	6.4	19.1	2019	11	5	1	59	34.77	0.5	377	371	60	69	0.002	0.029	1	14.5	12.4	64
201911050	46.322091	7.359746	4.192	298.9	-2.3	-97	7.6	6.4	18.3	2019	11	5	2	7	53.94	0.7	437	470	94	107	0.003	0.029	1	15.7	12.2	65
201911051	46.32192	7.356909	3.949	80.3	-21.3	-340.5	7.3	6.1	16	2019	11	5	2	20	4.64	0.2	441	318	40	67	0.002	0.033	1	15.3	11.6	65.4
201911052	46.321932	7.357915	4.076	157.9	-19.9	-213.5	7.2	6	17.9	2019	11	5	2	21	33.62	0.7	545	468	58	56	0.003	0.031	1	14.8	11.5	68.9
201911053	46.322091	7.358544	4.079	206.3	-2.3	-210.4	7.1	6.1	17.1	2019	11	5	2	23	41.94	0.9	673	638	150	125	0.003	0.037	1	14.7	11.6	65.8
201911054	46.321899	7.35979	4.409	302.2	-23.5	119.8	7.2	6.1	17.3	2019	11	5	2	27	22.32	1.1	482	967	151	170	0.004	0.039	1	14.6	12.1	76.9
201911055	46.32286	7.359885	4.06	309.5	83.2	-229.3	7.1	6	17.7	2019	11	5	2	30	35.48	0.7	427	498	111	136	0.003	0.033	1	14.6	11.6	69.9
201911056	46.321965	7.355014	4.068	-65.6	-16.3	-221.1	7	6	17.7	2019	11	5	2	33	10.77	0.9	699	863	93	93	0.003	0.033	1	14.3	11.8	70.4
201911057	46.322925	7.363355	4.457	576.8	90.5	167.5	6.9	6.1	17.8	2019	11	5	2	46	30.86	0.4	433	396	80	87	0.002	0.028	1	14.2	11.9	66.8
201911058	46.321822	7.354902	4.176	-74.2	-32.1	-113	6.9	6.3	16.5	2019	11	5	3	5	8.55	0.7	718	795	104	101	0.003	0.034	1	14.3	11.9	60.6
201911059	46.322648	7.359677	4.075	293.5	59.7	-214.6	7.1	6	17.9	2019	11	5	3	12	15.85	1	496	548	134	115	0.003	0.033	1	14.5	11.6	68.6
201911060	46.321883	7.354775	4.25	-83.9	-25.3	-39	7.1	6.6	16.9	2019	11	5	3	16	52	1.3	869	978	145	98	0.004	0.049	1	14.6	12.9	65.6
201911061	46.321936	7.355784	4.067	-6.3	-19.4	-222.5	6.8	6.2	16.1	2019	11	5	3	18	5.75	2.2	995	1087	163	154	0.004	0.047	1	14.1	11.8	60.8
201911062	46.321863	7.354206	4.177	-127.8	-27.6	-112.2	7.1	6.3	16.5	2019	11	5	3	23	36.56	0.7	760	757	106	81	0.003	0.042	1	14.6	12.2	64.9
201911063	46.32266	7.359186	4.101	255.7	61.1	-188.5	7.9	7.2	20.6	2019	11	5	3	36	50.28	3.3	649	289	128	130	0.004	0.079	1	16.1	14.2	67.9
201911064	46.3212	7.360036	4.583	321.2	-101.3	294	7.3	6.2	15.7	2019	11	5	3	44	11.7	0.7	437	412	150	124	0.003	0.056	1	14.7	12.3	74.5
201911065	46.321903	7.352526	4.037	-257.2	-23.1	-252.3	7	6.2	16.9	2019	11	5	3	48	40.52	1.3	893	906	145	138	0.003	0.036	1	14.4	11.9	63.7
201911066	46.321855	7.359509	4.426	280.6	-28.5	137.1	6.9	6.1	16.7	2019	11	5	3	57	53.77	0.7	717	948	106	145	0.003	0.041	1	14.3	11.8	65.9
201911067	46.322196	7.36144	4.474	429.3	9.5	184.8	7.2	6.4	18.8	2019	11	5	4	10	21.89	0.5	404	344	117	126	0.003	0.04	1	15.1	12	59.7
201911068	46.32192	7.352325	3.962	-272.7	-21.3	-327.4	6.9	6	16.8	2019	11	5	4	12	34.89	0.8	676	570	140	117	0.003	0.038	1	14.2	11.5	67.8
201911069	46.321867	7.353281	4.242	-199	-27.1	-46.8	7.2	6	16.3	2019	11	5	4	18	46.36	1.1	820	699	120	114	0.004	0.039	1	14.9	11.6	68.5
201911070	46.321346	7.359908	4.552	311.3	-85	262.7	7.7	7.2	18.7	2019	11	5	4	23	29.11	0	269	145	85	75	0.002	0.035	1	17	12.5	51.9
201911071	46.32159	7.360191	4.524	333.1	-57.9	234.7	7.1	6.2	17.5	2019	11	5	4	23	47.71	1.2	518	508	163	160	0.003	0.043	1	14.6	12.2	67.8
201911072	46.322262	7.356392	3.854	40.6	16.7	-434.7	7.3	6.2	17.3	2019	11	5	4	41	14.84	0.8	550	449	110	132	0.003	0.033	1	15.1	11.7	65.7
201911073	46.323857	7.360973	3.939	393.3	194	-350.5	6.7	6.2	16.8	2019	11	5	4	43	34.43	0.6	546	402	96	130	0.003	0.037	1	14	11.8	59.7
201911074	46.321879	7.358792	4.455	225.3	-25.8	166.1	7.2	6.1	16.9	2019	11	5	4	49	50.25	0.5	675	557	129	182	0.003	0.044	1	14.6	11.9	71.7
201911075	46.322697	7.357228	3.833	104.9	65.1	-456.5	7.1	6.1	17.8	2019	11	5	5	3	37.93	1.5	543	439	114	91	0.003	0.039	1	14.7	11.7	65.9
201911076	46.323454	7.35811	3.806	172.8	149.3	-483.6	7.1	6.1	17.1	2019	11	5	5	7	53.56	0.7	553	412	83	84	0.003	0.031	1	14.6	11.9	68.1
201911077	46.323991	7.360713	3.893	373.3	209	-396.1	7.2	6.4	18.5	2019	11	5	5	8	29.23	0.8	483	343	74	70	0.003	0.035	1	15.3	11.9	59.5
201911078	46.32231	7.357008	3.894	88	22.2	-395.2	6.9	6.1	17.3	2019	11	5	5	27	43.12	1	537	486	116	91	0.003	0.033	1	14.4	11.7	63.9
201911080	46.322021	7.352298	4.116	-274.7	-10	-173.1	9.3	7.6	27.6	2019	11	5	5	55	35.04	2.5	151	620	166	106	0.004	0.07	1	18.7	15.2	91.4
201911081	46.320675	7.357807	4.456	149.6	-159.7	166.8	7.1	6.1	17.2	2019	11	5	5	57	40	1	617	553	93	86	0.003	0.042	1	14.3	12.1	73.5
201911082	46.32192	7.353312	3.819	-196.6	-21.3	-470	7.8	9.6	17.8	2019	11	5	6	0	21.48	2.9	320	403	141	109	0.004	0.053	1	19.6	15.1	161.2
201911083	46.32194	7.351317	4.095	-350.3	-19	-194.4	6.8	6.2	16	2019	11	5	6	6	50.22	1.1	517	494	52	46	0.003	0.032	1	14.3	11.8	60.8
201911084	46.321826	7.350573	4.143	-407.6	-31.7	-146.3	6.9	6	16.2	2019	11	5	6	11	3.17	1.4	735	784	169	133	0.003	0.036	1	14.5	11.4	62.3
201911085	46.321484	7.349261	3.898	-508.6	-69.7	-391.3	6.9	6.3	15.8	2019	11	5	6	31	47.15	0.9	619	374	69	66	0.003	0.034	1	14.2	12.2	63.1
201911086	46.321973	7.357027	3.971	89.5	-15.4	-318.3	7.1	6.1	16.1	2019	11	5	6	42	36.05	0.6	610	420	84	94	0.003	0.036	1	14.5	11.9	70.7
201911087	46.32179	7.360897	4.486	387.5	-35.7	196.5	7.3	7.1	33.1	2019	11	5	7	18	42.96	3	357	440	133	105	0.004	0.058	1	14.8	14.2	110.2
201911088	46.320715	7.358198	4.463	179.6	-155.1	173.9	7.2	6.2	16.8	2019	11	5	7	23	41.37	1.3	591	540	97	98	0.003	0.032	1	14.5	12.1	72.4
201911089	46.320776	7.35998	4.635	316.9	-148.4	346.1	7.1	6.4	17.4	2019	11	5	7	27	44.83	1.5	765	609	134	126	0.003	0.04	1	14.4	12.6	77.2
201911090	46.321147	7.360404	4.653	349.5	-107.2	364.2	7	6.3	17.1	2019	11	5	7	29	25.37	1.6	579	517	144	116	0.003	0.048	1	14.3	12.5	71.8
201911091	46.323511	7.364716	4.588	681.6	155.6	299.3	7.3	6.3	22.4	2019	11	5	7	32	28.86	0.9	380	444	79	98	0.002	0.028	1	14.8	12.5	75.1
201911092	46.32089	7.358653	4.477	214.7	-135.7	187.5	7	6.1	16.5	2019	11	5	7	35	29.24	1.4	626	577	87	75	0.003	0.032	1	14.3	12	70.7
201911093	46.323519	7.364944	4.551	699.2	156.5	262.2	7.3	6.5	18.9	2019	11	5	7	47	57.43	2.8	390	597	140	125	0.004	0.046	1	14.7	12.9	73.1
201911094	46.322823	7.363284	4.728	571.3	79.2	438.5	7	6.3	17.7	2019	11	5	7	52	52.82	0.9	482	387	76	68	0.003	0.03	1	14.4	12.2	64.3
201911095	46.322904	7.363764	4.588	608.3	88.2	299.3	7.2	10.1	16.6	2019	11	5	7	56	32.64	0.2	367	180	42	55	0.002	0.025	1	20.8	13.7	17.5
201911096	46.323136	7.363975	4.733	624.5	114	444.1	7.2	6.5	17.8	2019	11	5	8	0	7.91	0.2	403	182	50	69	0.002	0.031	1	15	12.4	60.4
201911097	46.322994	7.363696	4.537	603.1	98.1	247.4	6.9	6.1	17.1	2019	11	5	8	11	13.21	1.3	458	632	94	89	0.003	0.03	1	14.4	11.7	64.5
201911098	46.323511	7.36274	4.768	529.4	155.6	478.4	19.4	15.8	57.2	2019	11	5	8	13	8.51	0.7	117	69	61	87	0.004	0.048	1	42.5	26.6	121.1
201911099	46.320719	7.359166	4.584	254.2	-154.7	295.3	7.4	6	15.3	2019	11	5	8	34	49.13	1	537	492	84	77	0.003	0.038	1	15.2	11.8	73.7
201911100	46.323433	7.358605	3.838	211	147	-451	7.2	6	18.5	2019	11	5	8	39	23.83	1.4	560	407	65	62	0.003	0.031	1	14.9	11.4	67.6
201911101	46.321859	7.350179	4.039	-437.9	-28	-249.8	6.8	6.7	17.2	2019	11	5	8	39	43.56	2.2	779	842	85	81	0.004	0.039	1	14.5	12.5	49.6
201911102	46.321745	7.349237	4.02	-510.5	-40.7	-269.1	7	6.5	16.1	2019	11	5	8	54	53.68	2.5	807	758	180	135	0.003	0.055	1	14.7	12.2	56.2
201911103	46.321655	7.34858	4.042	-561.1	-50.7	-247.6	7.6	9	16.9	2019	11	5	9	5	13.85	0.5	480	299	55	44	0.003	0.029	1	19.3	13.7	29.1
201911104	46.323792	7.358513	3.667	203.9	186.8	-622	8.8	6.4	19.3	2019	11	5	9	12	35.03	0.8	174	129	72	63	0.003	0.045	1	18.3	11.9	69.4
201911105	46.321684	7.348127	4.025	-595.9	-47.5	-263.8	7	6.6	18.8	2019	11	5	9	17	2.34	2.1	728	693	162	120	0.004	0.037	1	15	12.2	53.5
201911106	46.321655	7.348887	4.11	-537.5	-50.7	-179.6	7.2	6.6	16	2019	11	5	9	19	21.4	0.9	561	487	80	72	0.003	0.026	1	15.1	12.5	57.3
201911107	46.321818	7.349343	3.875	-502.3	-32.6	-414.5	7.3	7.7	15.7	2019	11	5	9	22	3.99	0.7	472	296	71	78	0.003	0.026	1	16.3	13.6	36
201911108	46.321261	7.347945	3.948	-610	-94.5	-340.7	7	6.3	15.8	2019	11	5	9	27	53.62	0.5	586	317	60	59	0.003	0.032	1	14.5	12.1	61
201911109	46.322624	7.363416	4.51	581.5	57	221	8.3	8.8	25.8	2019	11	5	9	33	10.31	0.4	437	107	67	73	0.003	0.029	1	19.6	14.3	39.8
201911110	46.322009	7.361576	4.445	439.8	-11.3	155.8	7	6.1	16.7	2019	11	5	9	43	11.32	0.3	470	414	39	58	0.002	0.025	1	14.3	11.9	67.5
201911111	46.321647	7.349162	4.169	-516.3	-51.6	-120.3	6.8	6.4	16.1	2019	11	5	9	51	19.06	0.3	461	344	71	66	0.002	0.034	1	14.8	11.5	53.2
201911112	46.321794	7.359144	4.373	252.5	-35.3	83.4	6.9	6	16.9	2019	11	5	9	52	12.9	0.3	506	412	80	97	0.002	0.038	1	14.2	11.7	66.5
201911113	46.320341	7.357821	4.581	150.6	-196.8	291.8	7.8	6.2	20.1	2019	11	5	9	57	33.42	0.7	399	298	62	64	0.003	0.031	1	15.7	12.5	86
201911114	46.322392	7.357829	3.914	151.2	31.2	-375.1	7	6.2	17.4	2019	11	5	10	7	3.02	1	510	371	89	73	0.003	0.031	1	14.6	11.9	65.1
201911115	46.322282	7.354021	3.614	-142.1	19	-674.8	7	6.4	16.2	2019	11	5	10	38	55.43	1.4	235	231	91	77	0.004	0.034	1	14.4	12.3	63.3
201911116	46.322941	7.363715	4.51	604.5	92.3	220.7	6.9	6	16.8	2019	11	5	10	51	59	0.5	570	501	75	86	0.003	0.031	1	14.2	11.8	68.6
201911118	46.32441	7.365075	4.331	709.2	255.6	41.4	6.9	6.3	16.9	2019	11	5	11	15	44.17	1.1	738	663	98	131	0.003	0.035	1	14.3	12.2	61.1
201911119	46.321594	7.349415	4.189	-496.8	-57.4	-100.2	6.9	6.2	16	2019	11	5	11	49	58.4	1.5	791	604	145	113	0.003	0.034	1	14.7	11.4	58.3
201911120	46.32172	7.349999	4.088	-451.8	-43.4	-200.7	7.5	8	19.2	2019	11	5	11	55	29.57	0.3	427	323	56	51	0.003	0.027	1	18.3	12.2	40.4
201911122	46.321155	7.350084	4.333	-445.2	-106.3	43.6	7	6.5	15.7	2019	11	5	12	6	19.36	0	510	167	65	68	0.002	0.043	1	14.8	12.2	55.4
201911123	46.322078	7.359008	4.376	242	-3.6	86.7	7.6	7.5	23	2019	11	5	12	25	52.03	1.5	699	323	89	48	0.003	0.033	1	15.8	14.5	126.4
201911127	46.321354	7.349602	3.621	-482.3	-84.1	-667.9	7.8	6.1	16.4	2019	11	5	14	21	0.47	0.2	499	140	51	50	0.002	0.029	1	15.7	12.1	78.7
201911128	46.325041	7.365945	4.303	776.2	325.7	13.4	6.9	6.3	17.7	2019	11	5	15	48	11.68	0.1	365	317	78	99	0.002	0.039	1	14.6	11.7	58
201911129	46.320719	7.357931	4.448	159	-154.7	159.3	7	6.2	16.9	2019	11	5	16	34	14.98	0.7	494	345	58	61	0.003	0.026	1	14.5	12	66.3
201911130	46.321871	7.351368	3.889	-346.3	-26.7	-400.5	8.6	6.7	16.8	2019	11	5	16	41	3	0.8	295	69	53	42	0.004	0.037	1	17.8	12.7	69.6
201911131	46.321969	7.362277	4.786	493.7	-15.8	496.9	6.9	6.2	17.7	2019	11	5	17	12	23.52	0.5	400	354	84	88	0.002	0.034	1	14.2	12	67.4
201911132	46.322473	7.354558	3.686	-100.7	40.3	-602.7	7.2	6.1	16.2	2019	11	5	18	20	59.48	0.5	434	214	74	73	0.003	0.03	1	14.6	11.9	71.4
201911133	46.321118	7.353115	4.509	-211.8	-110.4	219.5	7.1	6.6	17.2	2019	11	5	19	10	42.5	2.4	1003	876	215	190	0.004	0.036	1	14.4	12.9	63.7
201911134	46.321293	7.35256	4.587	-254.6	-90.9	297.9	7	6	16.1	2019	11	5	19	12	4.12	1.6	1052	1176	162	166	0.003	0.034	1	14.3	11.8	69.9
201911135	46.321358	7.35212	4.587	-288.4	-83.7	297.7	6.9	6	16	2019	11	5	19	12	38.64	1.7	1032	1330	213	171	0.003	0.039	1	14.2	11.6	70
201911136	46.32135	7.351713	4.503	-319.8	-84.6	213.4	7	6.2	16.8	2019	11	5	19	14	6.6	1.6	950	1106	159	147	0.004	0.047	1	14.4	12	63.7
201911137	46.321082	7.355117	4.594	-57.6	-114.4	304.9	7.9	6.2	17.5	2019	11	5	19	15	28.18	1.3	414	415	175	93	0.003	0.038	1	16.4	11.6	68
201911138	46.320935	7.354487	4.636	-106.2	-130.7	347.3	7.2	6.4	16.1	2019	11	5	19	16	21.48	1.3	792	881	150	166	0.004	0.042	1	14.6	12.6	69.7
201911139	46.321334	7.351873	4.668	-307.5	-86.4	378.4	7.2	6.1	17.4	2019	11	5	19	19	18.28	1	783	1081	198	146	0.003	0.036	1	14.5	12.1	75.3
201911140	46.320935	7.355391	4.654	-36.5	-130.7	364.8	8.2	6.7	16.6	2019	11	5	19	21	31.28	2.8	829	577	220	177	0.004	0.053	1	16.8	13	72
201911141	46.321366	7.356273	4.844	31.4	-82.8	554.8	7.2	13.3	17.6	2019	11	5	19	25	58.74	0.3	378	288	55	67	0.002	0.034	1	27.1	13.4	12.9
201911142	46.320728	7.356467	4.78	46.3	-153.8	490.8	7.1	6.2	18.4	2019	11	5	19	26	8.12	0.6	506	498	112	125	0.003	0.044	1	14.3	12.4	73.9
201911143	46.320638	7.356228	4.824	27.9	-163.7	534.8	7	6.1	16.9	2019	11	5	19	27	55.48	0.6	576	420	176	127	0.003	0.042	1	14.4	11.8	66.2
201911144	46.320854	7.354164	4.665	-131	-139.8	375.5	13.9	8.1	20.8	2019	11	5	19	30	42.26	0.3	461	171	79	61	0.003	0.028	1	28.6	14.7	106.1
201911145	46.321204	7.352301	4.532	-274.5	-100.9	243.3	6.9	6.2	16.3	2019	11	5	19	35	31.58	0.6	612	657	122	117	0.003	0.031	1	14.3	12	64.2
201911146	46.321883	7.357543	4.439	129.2	-25.3	150.2	8.4	6.4	17	2019	11	5	19	47	41.54	0.3	562	362	74	67	0.003	0.035	1	17.2	12.3	73.1
201911147	46.321118	7.355221	4.507	-49.6	-110.4	217.9	7.8	6.7	17.6	2019	11	5	19	51	14.06	3.2	817	544	185	147	0.004	0.049	1	16	13	68.9
201911148	46.321867	7.354966	4.208	-69.3	-27.1	-81	6.9	6.2	17	2019	11	5	19	52	29.76	2.5	766	793	148	136	0.004	0.047	1	14.2	12.1	65.2
201911149	46.322225	7.355717	4.416	-11.4	12.7	126.9	7.2	6.3	18.1	2019	11	5	19	54	6.64	1.2	837	782	86	88	0.004	0.035	1	14.8	12.2	66.2
201911150	46.321289	7.351197	4.479	-359.5	-91.4	190.1	6.9	6.2	15.8	2019	11	5	19	57	7.92	1.7	1137	1036	187	149	0.004	0.034	1	14.2	11.9	64.7
201911151	46.321993	7.357946	4.534	160.2	-13.1	244.8	6.9	6.2	17	2019	11	5	19	59	1.62	2	1010	1119	166	161	0.004	0.039	1	14.3	12	65.7
201911152	46.321928	7.358978	4.629	239.7	-20.4	340.2	7.4	6.4	16.9	2019	11	5	20	3	9.44	1.9	735	748	190	186	0.004	0.04	1	15.4	12	62.8
201911153	46.321655	7.357755	4.602	145.5	-50.7	312.8	7.6	6.7	17	2019	11	5	20	6	55.2	2.6	403	588	180	134	0.004	0.043	1	15.8	12.7	63.2
201911154	46.321395	7.360778	4.749	378.4	-79.6	459.8	7.3	6.3	18.2	2019	11	5	20	9	14.84	1.2	592	488	278	156	0.003	0.048	1	14.6	12.6	78.2
201911155	46.32207	7.357538	4.486	128.8	-4.5	197.1	8.8	6.9	20.3	2019	11	5	20	10	59.7	2.6	710	390	163	129	0.004	0.066	1	17.7	13.8	94.1
201911156	46.321903	7.361395	4.7	425.9	-23.1	410.4	7.4	6.5	19.7	2019	11	5	20	21	56.58	2.3	569	723	148	157	0.004	0.054	1	14.9	12.9	75.7
201911157	46.322087	7.361495	4.775	433.5	-2.7	485.5	7.2	6.2	19.3	2019	11	5	20	26	40.52	0.6	511	404	99	75	0.003	0.037	1	14.6	12.3	76.6
201911158	46.321126	7.350161	4.36	-439.3	-109.5	71.1	7.1	6.3	16.9	2019	11	5	20	27	43.6	0.8	733	588	119	105	0.003	0.033	1	15	11.8	61.3
201911159	46.321265	7.349328	4.305	-503.5	-94.1	16.2	7.6	6.1	17.1	2019	11	5	20	28	56.56	0.7	640	399	127	89	0.003	0.036	1	15.8	11.6	67.5
201911160	46.321887	7.360134	4.421	328.7	-24.9	132.1	6.9	6	16.7	2019	11	5	20	33	25.84	1	806	950	168	145	0.003	0.038	1	14.1	11.9	70.9
201911161	46.321147	7.356244	4.916	29.2	-107.2	627.2	6.8	6.3	16.5	2019	11	5	20	34	45.12	0.6	436	380	84	68	0.002	0.044	1	14.1	12.3	61.1
201911162	46.321509	7.350344	4.527	-425.2	-66.9	238.1	6.8	6.2	16.1	2019	11	5	20	37	6.96	1.4	642	1030	142	148	0.004	0.04	1	14.3	11.8	60.6
201911163	46.321041	7.356959	4.786	84.2	-119	497.2	7.3	6.2	17.3	2019	11	5	20	39	41.16	0.8	521	391	121	84	0.003	0.034	1	14.9	12	69.3
201911165	46.321289	7.353408	4.409	-189.3	-91.4	119.6	7.9	6.7	20.8	2019	11	5	20	46	56.56	0.9	585	300	156	124	0.003	0.036	1	16.3	12.8	66.1
201911166	46.322302	7.356059	4.581	14.9	21.3	292.2	9.9	16.3	28.1	2019	11	5	20	51	35.56	0.4	394	147	47	65	0.003	0.036	1	33.7	18.2	163.6
201911167	46.322917	7.360931	4.494	390.1	89.6	204.6	28.3	9	18.9	2019	11	5	20	58	50.64	0.1	465	135	39	63	0.003	0.035	1	56.7	18	88.3
201911168	46.321273	7.349909	4.432	-458.7	-93.2	143.2	7.4	6.2	16.7	2019	11	5	21	0	54.78	0.5	591	365	95	85	0.003	0.04	1	15.3	11.9	69.5
201911169	46.321354	7.349622	4.424	-480.8	-84.1	135.1	7.9	6.7	16.9	2019	11	5	21	5	6.62	0.6	584	300	107	97	0.003	0.037	1	16.3	12.8	66.4
201911170	46.321582	7.356086	4.607	17	-58.8	318.3	8	6.3	19.1	2019	11	5	21	13	16.84	0.6	314	258	95	73	0.003	0.046	1	16.6	12	70.3
201911171	46.321252	7.35241	4.726	-266.1	-95.4	436.9	7.1	7.5	16.7	2019	11	5	21	17	42.2	0.2	579	183	116	86	0.002	0.032	1	15.3	14	25.1
201911172	46.321318	7.350779	4.466	-391.7	-88.2	177.3	6.9	6.2	16.4	2019	11	5	21	29	25.78	0.7	803	692	104	72	0.003	0.039	1	14.4	11.7	60.9
201911174	46.320378	7.352148	4.739	-286.3	-192.7	449.4	6.9	6.4	16.2	2019	11	5	21	35	42.26	0.5	539	570	92	79	0.003	0.038	1	14.4	12.1	58.2
201911175	46.320479	7.353411	4.72	-189	-181.4	431.3	7	6.3	16.6	2019	11	5	21	37	28.3	1.8	588	705	166	112	0.004	0.036	1	14.4	12.2	63.4
201911176	46.321407	7.350302	4.484	-428.4	-78.2	195.3	7.1	6.5	16.3	2019	11	5	22	8	31.96	0.4	547	399	86	69	0.003	0.032	1	14.8	12.3	57.9
201911177	46.321977	7.360325	4.599	343.4	-14.9	310	7.2	6.1	16.8	2019	11	5	22	22	51.76	0.5	423	404	93	82	0.002	0.034	1	14.5	12.1	80.5
201911178	46.321191	7.353526	4.526	-180.1	-102.2	237.3	7.3	6.5	18.4	2019	11	5	22	30	2	0.5	584	317	133	98	0.003	0.027	1	14.9	12.5	66
201911179	46.32218	7.355032	4.425	-64.2	7.7	135.7	6.9	6.2	17.2	2019	11	5	22	30	25.88	0.7	684	583	152	110	0.003	0.037	1	14.1	12.1	65.4
201911180	46.321318	7.353364	4.521	-192.6	-88.2	232.3	7.4	6.9	21.3	2019	11	5	22	33	12.52	0.5	325	191	91	62	0.003	0.028	1	15	13.7	76.7
201911181	46.321281	7.352941	4.527	-225.2	-92.3	237.8	7.8	6.6	20.5	2019	11	5	22	54	22.74	0.9	659	317	124	61	0.003	0.04	1	15.7	13.1	76.3
201911183	46.321537	7.349456	4.57	-493.6	-63.8	280.7	6.8	6.2	16.1	2019	11	5	23	18	36.68	0.6	576	635	92	132	0.003	0.042	1	14.2	11.8	59.9
201911184	46.320878	7.35295	3.713	-224.5	-137	-575.7	8.1	6.1	15.9	2019	11	5	23	34	18.76	0.6	577	265	65	48	0.003	0.026	1	16.2	12.1	83.4
201911185	46.32218	7.355521	4.456	-26.5	7.7	167.3	6.9	6.3	16.9	2019	11	6	0	42	54.6	0.6	786	580	78	58	0.003	0.033	1	14.2	12.3	66.4
201911186	46.321545	7.349354	4.447	-501.5	-62.9	157.4	6.9	6.5	15.9	2019	11	6	1	0	42.08	0.6	516	618	39	49	0.003	0.035	1	14.9	12	53.5
201911187	46.321484	7.349291	4.456	-506.3	-69.7	166.6	6.8	6.5	16.1	2019	11	6	1	6	39.2	0.6	619	520	127	111	0.003	0.038	1	14.5	12.1	51
201911188	46.321419	7.349062	3.6	-523.9	-76.9	-688.9	7.7	6.4	17	2019	11	6	2	1	50.62	1.2	755	355	170	99	0.003	0.036	1	15.5	12.8	94.5
201911189	46.321391	7.353365	4.516	-192.6	-80.1	227.2	7.7	7	19.4	2019	11	6	2	24	39.5	0.7	371	178	129	50	0.004	0.035	1	15.6	13.7	69.5
201911190	46.320874	7.356551	5.063	52.8	-137.5	773.7	7.2	6.5	16.8	2019	11	6	2	36	24.28	0.4	360	196	66	53	0.002	0.032	1	15	12.3	61.1
201911191	46.321529	7.348207	4.468	-589.8	-64.7	178.7	7	6.7	16	2019	11	6	2	45	36.43	0.4	450	523	90	74	0.003	0.026	1	14.8	12.5	50.9
201911192	46.321147	7.354225	4.508	-126.4	-107.2	219.2	7.7	7	20.5	2019	11	6	2	50	28.42	1.7	616	291	193	104	0.004	0.038	1	16	13.3	61.7
201911193	46.321558	7.347941	4.47	-610.3	-61.5	181.2	7.1	6.4	16.1	2019	11	6	2	55	54.63	0.3	432	410	39	48	0.003	0.025	1	14.7	12.3	65
201911195	46.321452	7.348984	3.576	-529.9	-73.3	-712.8	7.4	6.3	16.5	2019	11	6	4	4	46.75	0.4	581	207	51	48	0.003	0.023	1	14.8	12.5	85.3
201911196	46.320642	7.352932	4.737	-225.9	-163.3	448.1	7.1	6	16.1	2019	11	6	4	19	59.08	0.6	455	407	81	49	0.003	0.046	1	14.5	11.7	70.8
201911197	46.320142	7.352367	4.806	-269.5	-218.9	517.1	7	6.1	16	2019	11	6	4	35	57.12	0.9	574	685	164	129	0.003	0.038	1	14.4	11.7	65.2
201911198	46.321391	7.346975	4.585	-684.7	-80.1	296	7.1	6.3	15.8	2019	11	6	4	41	43.87	0.7	507	573	119	84	0.003	0.033	1	14.8	11.8	60.5
201911199	46.32137	7.346948	4.538	-686.7	-82.3	248.4	7.3	6.3	15.6	2019	11	6	4	46	21.61	0.5	464	450	79	71	0.003	0.031	1	15.1	11.9	64.6
201911200	46.32205	7.351959	4.848	-300.9	-6.8	558.4	6.9	6.3	16.4	2019	11	6	5	8	18.83	0.7	434	391	54	102	0.003	0.043	1	14.4	11.9	59.5
201911201	46.321387	7.347367	4.533	-654.5	-80.5	243.6	7	6.3	15.7	2019	11	6	5	18	31.01	0.4	508	411	60	57	0.003	0.029	1	14.6	12	62.1
201911202	46.321944	7.354087	4.549	-136.9	-18.5	260	7.5	6.5	19.1	2019	11	6	5	19	29.17	2.2	632	380	171	138	0.004	0.043	1	15.4	12.5	67
201911203	46.321297	7.352533	4.587	-256.6	-90.5	297.4	7	6.1	15.9	2019	11	6	5	24	4.32	1.5	1081	1137	148	98	0.003	0.038	1	14.5	11.8	66.5
201911204	46.322001	7.353455	4.503	-185.7	-12.2	214	8.2	7.9	24.2	2019	11	6	5	29	24.82	0.4	297	194	83	73	0.004	0.026	1	16.4	15.8	91.8
201911205	46.322371	7.358836	4.347	228.8	28.9	57.6	7.7	7.6	22	2019	11	6	6	10	28.7	1.3	581	189	133	106	0.004	0.038	1	15.7	15.1	120.6
201911206	46.322229	7.354439	4.537	-109.8	13.1	247.4	7.3	6.5	18.1	2019	11	6	6	18	20.09	1.8	790	337	115	95	0.003	0.032	1	15.2	12.2	61.3
201911207	46.321244	7.347779	4.651	-622.8	-96.3	361.4	7.5	6.2	16.1	2019	11	6	6	56	13.28	0.7	565	408	61	69	0.003	0.038	1	15.2	12.1	73.2
201911208	46.321366	7.347037	4.541	-679.9	-82.8	252.1	7.3	6.2	15.7	2019	11	6	7	0	28.96	0.6	501	523	92	91	0.003	0.028	1	15.2	11.8	63.6
201911209	46.321501	7.346433	4.346	-726.4	-67.8	57.3	9.6	7.3	16.3	2019	11	6	7	8	39.05	0.8	428	311	82	68	0.003	0.03	1	19.7	14	71.8
201911210	46.321761	7.355685	4.706	-13.9	-38.9	417.2	25.6	9.5	21.3	2019	11	6	7	49	14.95	0.4	191	157	52	44	0.002	0.036	1	53.3	12.1	73.6
201911211	46.322201	7.353853	4.854	-155	10	565.3	8.7	6.3	16.9	2019	11	6	7	55	59.96	0.4	486	181	63	63	0.002	0.032	1	17.9	11.9	71
201911212	46.322001	7.354518	4.537	-103.8	-12.2	247.4	8.6	6.8	22	2019	11	6	7	56	45.08	1.8	492	320	107	90	0.003	0.037	1	17.4	13.5	78.3
201911213	46.320593	7.354233	4.909	-125.7	-168.7	619.9	6.9	6.8	16.3	2019	11	6	8	3	18.97	0.2	479	198	81	76	0.002	0.036	1	14.6	12.8	48.6
201911215	46.321488	7.347694	4.441	-629.3	-69.2	152.3	7.2	6.2	15.7	2019	11	6	8	52	19.07	0.8	407	425	96	68	0.003	0.037	1	14.9	11.9	67.1
201911217	46.321908	7.355116	4.616	-57.7	-22.6	326.6	13.6	14.2	28.9	2019	11	6	9	0	49.05	0	464	39	44	73	0.002	0.032	1	35.8	16.4	137
201911218	46.321741	7.358843	4.403	229.3	-41.2	114	6.9	6.1	16.9	2019	11	6	9	4	36.79	0.8	620	755	145	131	0.003	0.033	1	14.4	11.6	65.1
201911219	46.322738	7.358292	4.373	186.8	69.7	83.9	7	6.9	18.2	2019	11	6	9	18	54.3	0.7	642	171	93	85	0.003	0.033	1	14.2	13.8	119.8
201911220	46.321692	7.35483	4.395	-79.7	-46.6	105.5	7.2	6.4	17.5	2019	11	6	9	58	24.82	0.9	637	308	172	113	0.003	0.036	1	14.7	12.4	65.4
201911221	46.321403	7.356378	4.391	39.4	-78.7	101.5	7.4	6.8	17.9	2019	11	6	10	4	47.47	1.8	606	337	197	151	0.003	0.042	1	15.1	13.5	67.7
201911222	46.321859	7.359732	4.408	297.8	-28	118.9	6.9	6	16.7	2019	11	6	10	46	17.69	1.5	1057	1099	274	189	0.003	0.042	1	14.2	11.6	69.5
201911224	46.321745	7.352149	4.715	-286.2	-40.7	425.9	32.4	96.2	76.5	2019	11	6	14	37	50.65	-0.2	264	103	36	46	0.001	0.033	1	196.6	52.8	168.5
201911226	46.321163	7.35446	4.828	-108.3	-105.4	538.8	7	6.1	16.4	2019	11	6	15	59	51.38	0.4	367	421	53	50	0.002	0.027	1	14.4	11.8	64.9
201911227	46.321175	7.349759	4.455	-470.3	-104	166.3	6.9	6.7	16.3	2019	11	6	16	4	22.84	0.8	634	541	60	79	0.003	0.043	1	14.4	12.8	49.5
201911228	46.322786	7.352545	4.801	-255.7	75.1	511.7	26.9	21.9	25.9	2019	11	6	16	36	40.89	0.7	63	49	67	62	0.002	0.033	1	62.1	31.2	54.9
201911230	46.319954	7.351003	4.734	-374.5	-239.7	445	7.1	6.2	16.1	2019	11	6	20	35	32	0.5	517	489	34	37	0.002	0.029	1	14.5	12.2	68.8
201911231	46.321509	7.353003	4.467	-220.5	-66.9	178.3	7.7	7.5	21.9	2019	11	6	20	48	33.4	0.2	235	170	62	55	0.004	0.032	1	15.5	15	93.5
201911233	46.320492	7.342989	4.068	-991.7	-180	-221.6	7	7.5	15.6	2019	11	6	21	40	26.08	0.9	583	519	134	89	0.003	0.034	1	16.5	12.2	38.1
201911234	46.319991	7.351542	4.776	-333	-235.6	487	6.9	6.2	16.1	2019	11	6	22	52	8.56	1.1	807	971	222	81	0.003	0.031	1	14.4	11.7	62.1
201911235	46.319857	7.3502	4.723	-436.3	-250.6	434.2	6.9	6.4	15.8	2019	11	6	23	18	55.84	0.2	418	330	72	66	0.002	0.028	1	14.3	12.4	59.5
201911236	46.320439	7.342806	4.016	-1005.7	-185.9	-273.5	7.1	8.3	15.5	2019	11	6	23	57	43.96	0.6	468	431	83	53	0.003	0.034	1	18	12.3	32
201911237	46.321436	7.349535	4.813	-487.5	-75.1	524.3	7.2	6.4	16.4	2019	11	6	23	59	1.08	0.8	648	429	105	97	0.003	0.037	1	14.8	12.5	68.9
201911238	46.321493	7.349074	4.452	-523	-68.7	163.3	7	6.2	15.8	2019	11	7	0	5	37.63	0.7	596	560	98	102	0.003	0.035	1	14.7	11.7	60.4
201911239	46.321436	7.352263	4.451	-277.4	-75.1	162	7.5	6.8	19	2019	11	7	0	19	38.78	1.1	424	317	156	112	0.004	0.038	1	15.6	13.1	62.5
201911240	46.321338	7.35199	4.433	-298.4	-85.9	143.6	7.4	7.2	20.1	2019	11	7	2	58	29.69	0.6	391	178	97	96	0.003	0.029	1	15.8	13.5	50.8
201911241	46.321867	7.356466	4.059	46.2	-27.1	-229.8	7.6	6.6	19.3	2019	11	7	4	26	19.57	0.5	478	127	95	87	0.002	0.033	1	15.7	12.5	63.4
201911242	46.32181	7.356708	4.077	64.9	-33.5	-211.7	7.7	6.6	18	2019	11	7	4	38	24.57	1.1	516	133	143	114	0.003	0.035	1	15.9	12.5	65.4
201911243	46.321252	7.35158	4.439	-330	-95.4	149.7	7.5	6.5	18.2	2019	11	7	4	46	58.05	0.3	588	176	74	66	0.003	0.022	1	15.6	12.4	65.9
201911244	46.32098	7.351658	4.395	-324	-125.7	105.9	9.4	8.9	23.9	2019	11	7	4	51	50.71	0.4	512	101	71	57	0.004	0.025	1	19.7	16.9	55.4
201911245	46.321277	7.351621	4.441	-326.9	-92.7	152.2	7.6	6.5	17.7	2019	11	7	5	38	32.01	0.7	646	226	102	93	0.003	0.034	1	15.8	12.3	64.6
201911246	46.321468	7.350491	4.642	-413.9	-71.5	352.8	6.9	6.2	15.9	2019	11	7	5	41	22.67	0.8	528	578	82	101	0.003	0.031	1	14.3	12	62.9
201911247	46.321537	7.349494	4.491	-490.7	-63.8	201.6	6.9	7.1	16	2019	11	7	5	45	34.11	0.2	433	378	53	52	0.003	0.03	1	15.3	12.6	41.3
201911248	46.320996	7.351634	4.391	-325.9	-123.9	102.3	9.6	9.4	23.1	2019	11	7	6	0	54.53	0.5	439	72	50	61	0.004	0.028	1	20.7	17.3	46.9
201911249	46.322257	7.356055	4.088	14.6	16.3	-201.1	7.3	6.2	17.3	2019	11	7	6	43	46.06	0.5	627	151	66	64	0.003	0.024	1	14.6	12.4	87.4
201911250	46.325264	7.366457	4.325	815.6	350.5	35.9	6.7	6.2	17.1	2019	11	7	9	13	38.79	1.4	474	666	81	95	0.003	0.034	1	13.9	11.9	61.7
201911251	46.322152	7.355203	4.417	-51	4.5	128.3	7.2	6.1	17.7	2019	11	7	10	37	41.68	0.6	623	260	93	107	0.003	0.037	1	14.8	11.8	67
201911254	46.322148	7.355594	4.564	-20.9	4.1	275	7.3	6.3	18	2019	11	7	11	34	46.21	0.4	492	191	68	79	0.002	0.03	1	15.1	12.1	65.9
201911256	46.322941	7.363342	4.455	575.8	92.3	166.2	7	6.2	17.5	2019	11	7	12	14	2.01	0.6	464	529	61	70	0.002	0.025	1	14.3	12.1	69.3
201911257	46.321765	7.355442	4.562	-32.6	-38.4	273.1	8.2	6.8	19.9	2019	11	7	12	35	1.93	0.5	496	142	95	88	0.003	0.032	1	16.7	13.2	72.1
201911262	46.321346	7.348313	3.844	-581.6	-85	-444.8	7.1	6.1	15.9	2019	11	7	17	4	39.68	1.3	807	516	87	56	0.003	0.032	1	14.7	11.7	67.9
201911263	46.320243	7.351166	4.699	-361.9	-207.6	409.5	7	6.3	15.8	2019	11	7	17	17	4.36	0.6	428	413	39	44	0.003	0.022	1	14.6	12.1	61.4
201911264	46.322339	7.355792	4.561	-5.6	25.3	272.2	7.1	6	17.6	2019	11	7	18	10	19.52	0.6	526	255	77	66	0.003	0.023	1	14.5	11.9	75.1
201911265	46.321228	7.347454	3.858	-647.8	-98.1	-431.5	7.3	6.1	15.9	2019	11	7	18	35	26.44	1	639	427	117	80	0.003	0.032	1	15.1	11.6	68.3
201911266	46.321232	7.346638	3.792	-710.6	-97.7	-497.1	7	6.3	15.7	2019	11	7	18	35	38.8	3.2	734	525	132	105	0.004	0.046	1	14.4	12.3	65.7
201911267	46.321794	7.348426	3.992	-572.9	-35.3	-297.1	9.6	13.1	36	2019	11	7	18	38	27.52	2.5	18	436	0	6	0.004	0.106	1	26.7	18.8	166.1
201911268	46.32157	7.349982	4.041	-453.1	-60.2	-248.1	7.5	11.3	17.3	2019	11	7	18	46	30.28	0.1	396	197	63	71	0.003	0.025	1	23.3	14.1	16.3
201911269	46.321338	7.347891	3.876	-614.2	-85.9	-413.2	7.2	6.2	15.7	2019	11	7	18	50	42.06	0.4	477	313	92	93	0.003	0.04	1	14.7	12.2	73.4
201911270	46.321366	7.346796	3.972	-698.5	-82.8	-317.1	7	6	15.6	2019	11	7	18	55	29.84	0.8	653	462	96	88	0.003	0.036	1	14.4	11.5	66
201911271	46.321452	7.354651	4.417	-93.5	-73.3	127.6	7.3	6.1	17.5	2019	11	7	19	0	40.96	1.1	651	600	161	144	0.003	0.043	1	14.8	12.2	76.9
201911272	46.320219	7.344098	3.452	-906.2	-210.3	-837.5	13.8	5.8	15	2019	11	7	19	16	6.72	0	478	109	92	66	0.002	0.027	1	27.8	11.4	94.7
201911273	46.31982	7.35048	4.779	-414.7	-254.6	489.5	6.9	6.2	16.2	2019	11	7	20	28	2.46	1.1	712	859	220	173	0.003	0.034	1	14.4	11.9	63.9
201911274	46.319739	7.34968	4.743	-476.4	-263.7	454.2	6.9	6.3	16	2019	11	7	20	30	5.96	2.3	964	970	176	111	0.003	0.034	1	14.3	12.2	60.7
201911276	46.321143	7.346854	3.867	-694	-107.6	-422.1	7	6	15.8	2019	11	7	20	36	54.84	1.3	873	661	186	171	0.003	0.033	1	14.3	11.7	69
201911277	46.320931	7.350542	3.633	-410	-131.2	-655.7	9	6	16	2019	11	7	21	3	10.84	0.3	508	144	64	65	0.002	0.031	1	18.1	12	86.8
201911278	46.319645	7.350429	4.801	-418.7	-274.1	511.7	7.3	6.4	15.9	2019	11	7	21	30	19.68	0.3	404	325	137	187	0.002	0.044	1	15.2	12.2	64.1
201911280	46.319853	7.349553	4.658	-486.1	-251	369.2	6.9	6.1	15.5	2019	11	7	21	48	59.16	1.1	875	940	205	116	0.003	0.033	1	14.3	11.5	62.5
201911283	46.319784	7.348417	4.597	-573.7	-258.7	308	7	6.2	15.8	2019	11	8	1	10	25.34	0.8	762	799	134	140	0.003	0.043	1	14.4	12	68.5
201911284	46.319674	7.34813	4.632	-595.7	-270.9	342.7	7.1	6.1	15.8	2019	11	8	1	12	17.55	0.3	530	459	70	137	0.003	0.045	1	14.4	12	72
201911285	46.319543	7.347798	4.633	-621.3	-285.4	343.4	8.4	7.3	16.1	2019	11	8	1	26	56.29	-0.2	69	166	39	45	0.002	0.034	1	18.6	12.4	55.7
201911286	46.321631	7.356519	4.257	50.3	-53.4	-32.3	7.1	6.2	17.1	2019	11	8	1	55	2.15	0.2	728	560	88	91	0.003	0.036	1	14.6	11.8	65.5
201911287	46.320304	7.350504	4.634	-412.9	-200.8	345.1	7	6.1	15.8	2019	11	8	3	3	50.38	0.5	495	494	55	68	0.003	0.027	1	14.5	11.7	63.5
201911288	46.320585	7.34624	3.602	-741.3	-169.6	-687.5	6.8	6	15.9	2019	11	8	3	8	0.31	2.2	789	366	111	88	0.003	0.041	1	14.1	11.5	64.3
201911289	46.319816	7.348582	4.578	-560.9	-255.1	289.2	7.2	6.2	15.8	2019	11	8	4	2	13.94	0.5	530	564	59	81	0.003	0.031	1	14.8	12	66.8
201911291	46.323543	7.355771	4.499	-7.2	159.2	210.2	11.7	15	23.4	2019	11	8	4	45	29.04	0.9	386	158	95	76	0.002	0.057	1	35.4	14.3	35
201911292	46.322042	7.356783	4.277	70.6	-7.7	-12.5	18.7	9.9	28.6	2019	11	8	5	10	25.6	0.4	243	54	72	127	0.004	0.034	1	37.7	19.6	96.6
201911293	46.321419	7.348694	4.728	-552.3	-76.9	438.4	6.9	6.3	15.8	2019	11	8	5	32	47.29	0.5	588	456	96	91	0.002	0.034	1	14.1	12.2	64.6
201911294	46.320549	7.352345	4.827	-271.1	-173.7	538	23.5	8.2	16.8	2019	11	8	5	47	53.47	0	363	181	59	59	0.002	0.026	1	48.4	11.9	76.1
201911295	46.320386	7.342084	3.916	-1061.3	-191.8	-373.1	7.4	10.1	17.1	2019	11	8	6	47	41.72	0.6	476	332	99	72	0.003	0.029	1	21.3	13.2	24.2
201911300	46.321973	7.355622	4.709	-18.7	-15.4	419.6	18.2	7.7	19.1	2019	11	8	9	41	32.11	0	112	67	50	58	0.003	0.031	1	37.4	13.1	76.5
201911301	46.319902	7.351843	4.881	-309.8	-245.6	591.5	7.2	6.3	16.5	2019	11	8	9	52	10.07	0.1	271	244	34	49	0.003	0.033	1	14.8	12.2	65.1
201911302	46.319832	7.350594	4.774	-406	-253.3	485.3	6.9	6.1	16	2019	11	8	10	39	49.64	1.3	715	866	117	91	0.003	0.027	1	14.3	11.8	64.1
201911306	46.319902	7.351498	4.854	-336.4	-245.6	564.9	6.9	6.2	16.2	2019	11	8	17	25	50.96	1.2	674	838	169	130	0.003	0.035	1	14.3	12	63.3
201911307	46.320443	7.339753	3.737	-1240.9	-185.4	-552	7.4	7.6	17.6	2019	11	8	19	56	8.62	0.6	532	174	128	101	0.003	0.034	1	16.9	12.7	42.5
201911308	46.320744	7.350074	4.492	-446	-152	202.6	6.8	6.5	16	2019	11	9	2	56	44.59	0.4	242	268	91	98	0.003	0.043	1	14.4	12.1	53.5
201911309	46.32085	7.349113	3.574	-520	-140.2	-715.4	7.1	6.1	16.2	2019	11	9	3	50	3.15	0.3	525	165	60	64	0.003	0.03	1	14.2	12.1	83
201911310	46.322119	7.361559	4.784	438.5	0.9	494.4	7	6.3	18.5	2019	11	9	4	53	18.36	0.2	504	314	134	127	0.002	0.049	1	14.2	12.6	78.7
201911311	46.319657	7.348053	4.628	-601.6	-272.7	339.2	7.2	6.2	15.7	2019	11	9	5	55	11.83	0.2	366	307	82	86	0.003	0.032	1	14.6	12.2	72
201911312	46.320325	7.344588	3.577	-868.5	-198.6	-712	7.1	6.1	15	2019	11	9	6	8	24.61	0.6	730	243	157	164	0.003	0.032	1	14.4	12	77.9
201911313	46.321818	7.359356	4.34	268.8	-32.6	51.1	7	6.1	17.2	2019	11	9	9	38	46.85	1.8	897	1085	132	144	0.004	0.04	1	14.2	12	72.8
201911314	46.32111	7.351269	4.478	-354	-111.3	189.3	6.8	6.2	17.7	2019	11	9	13	22	52.62	0.9	908	885	133	149	0.003	0.051	1	14.1	11.8	61.2
201911315	46.320841	7.35148	4.493	-337.7	-141.1	203.9	6.8	6.6	16.1	2019	11	9	14	17	19	0.4	607	426	84	83	0.003	0.038	1	14.3	12.5	51.7
201911316	46.320638	7.351503	4.507	-335.9	-163.7	218.1	6.9	6.5	16	2019	11	9	15	3	44.52	0.4	644	426	110	159	0.003	0.043	1	14.4	12.4	55.4
201911318	46.320475	7.349639	4.537	-479.5	-181.8	248.3	7.5	6.2	15.5	2019	11	9	15	24	3.52	0.9	628	619	152	140	0.004	0.049	1	15.4	12.1	69.9
201911320	46.321232	7.354657	4.425	-93	-97.7	135.8	7.2	6.3	17.9	2019	11	9	17	22	37.68	0.5	498	339	127	119	0.003	0.048	1	14.6	12.3	70.4
201911321	46.32017	7.355888	4.382	1.8	-215.7	92.5	8.2	7	19.4	2019	11	9	18	14	4.4	0.3	486	127	75	74	0.003	0.035	1	17.1	13.4	65.7
201911323	46.319967	7.351244	4.771	-355.9	-238.4	481.7	6.8	6.1	16.3	2019	11	9	21	39	7.36	0.8	619	801	147	168	0.003	0.04	1	14.3	11.6	61.5
201911324	46.319893	7.351311	4.826	-350.7	-246.5	536.5	6.8	6.1	16	2019	11	9	22	47	4.56	0.4	636	509	116	98	0.003	0.035	1	14.1	11.8	64
201911325	46.320337	7.350787	4.653	-391.1	-197.2	364.1	7.1	6.2	15.9	2019	11	10	0	14	42.12	0.3	496	435	130	154	0.003	0.044	1	14.7	11.9	63.1
201911326	46.322331	7.353342	4.429	-194.3	24.4	140.2	7.7	6.8	20.9	2019	11	10	3	59	24.19	0.4	590	469	99	116	0.003	0.039	1	15.9	13.3	66.4
201911327	46.322009	7.350391	3.526	-421.6	-11.3	-763	109.7	37	116.2	2019	11	10	12	24	3.48	0.2	314	0	91	67	0.001	0.045	1	226	53.3	76.4
201911329	46.321228	7.349662	4.337	-477.8	-98.1	48.1	7.5	6.1	16.6	2019	11	10	16	12	14.31	1.3	785	677	148	177	0.004	0.043	1	15.8	11.5	65.8
201911330	46.321269	7.353457	3.791	-185.5	-93.6	-498.1	12.1	9	18.8	2019	11	10	23	18	32.46	0.4	258	85	89	77	0.004	0.039	1	25.4	16.4	112.5
201911333	46.321395	7.350189	4.473	-437.1	-79.6	183.6	8.1	6.9	18.3	2019	11	11	1	1	59.92	0.4	550	122	126	130	0.002	0.041	1	16.9	12.8	62.6
201911337	46.320528	7.3426	4.055	-1021.6	-175.9	-233.7	7.2	8.2	15.9	2019	11	11	3	46	12.56	0.8	546	448	109	121	0.003	0.045	1	17.9	12.7	33.9
201911339	46.321452	7.350427	4.479	-418.8	-73.3	189.9	7.9	6.5	18.1	2019	11	11	6	31	3.14	0.4	500	83	64	72	0.003	0.034	1	16.4	12.3	65.7
201911340	46.323063	7.357737	3.685	144.1	105.8	-604	11.3	20.3	23.4	2019	11	11	6	51	37.63	0.3	437	135	75	72	0.002	0.033	1	41	22.1	172.1
201911343	46.320898	7.349257	4.4	-508.9	-134.8	110.8	6.9	6.6	15.8	2019	11	11	8	22	23.02	0.5	578	519	123	115	0.003	0.042	1	14.7	12.3	54.6
201911344	46.323494	7.357002	3.7	87.5	153.8	-589.2	7	6	16.5	2019	11	11	8	49	54.42	0.5	514	280	149	135	0.002	0.037	1	14.4	11.6	67.9
201911345	46.322221	7.358146	3.846	175.6	12.2	-442.9	7.9	7.9	20	2019	11	11	9	0	7.76	1.6	228	154	135	115	0.004	0.037	1	17.3	14.1	135.1
201911347	46.323413	7.356522	3.682	50.5	144.7	-607.4	7.1	6.8	16.1	2019	11	11	9	6	10.98	0.7	572	413	113	101	0.003	0.037	1	14.4	13.5	68.4
201911350	46.322795	7.35934	3.75	267.6	76	-539.1	9	15.4	20.6	2019	11	11	10	29	27.64	0.2	448	134	74	71	0.003	0.034	1	31.2	17.4	169.7
201911353	46.324662	7.365357	4.313	730.9	283.6	23.6	6.9	6.2	17.9	2019	11	11	19	29	58.24	0.3	382	310	58	64	0.002	0.028	1	14.2	11.9	62.9
201911354	46.324862	7.365767	4.32	762.5	305.8	31.3	6.8	6.5	17.4	2019	11	11	19	30	24.88	0.6	404	442	71	74	0.002	0.032	1	14.2	12.6	54.5
201911355	46.324622	7.365435	4.341	736.9	279.1	52	6.9	6.1	17.8	2019	11	11	19	35	6.4	2.7	447	824	160	149	0.004	0.05	1	14.1	11.9	70.7
201911356	46.325814	7.367119	4.306	866.6	411.6	16.8	6.8	6.5	17.9	2019	11	11	19	43	17.68	0.6	395	427	85	81	0.002	0.037	1	14.2	12.4	52.5
201911357	46.325269	7.365932	4.26	775.2	351	-29.3	7.9	14.6	23.4	2019	11	11	20	39	8.98	0	343	246	46	73	0.001	0.031	1	30.7	13	18.6
201911358	46.325802	7.366508	4.075	819.6	410.2	-214.1	6.8	6.3	17.6	2019	11	11	23	27	8.98	0.3	501	391	115	133	0.002	0.038	1	14.3	12.1	59
201911359	46.322351	7.358916	3.756	234.9	26.7	-532.7	7.7	6.6	17.5	2019	11	12	2	1	9.33	2.1	450	201	167	120	0.003	0.046	1	16.3	12.1	59.9
201911360	46.32559	7.364271	3.955	647.3	386.7	-334.1	7.2	7.1	18.1	2019	11	12	4	1	33.79	0.3	464	234	98	160	0.002	0.035	1	15.6	13	46.6
201911361	46.325911	7.364992	3.901	702.8	422.4	-388.6	7	6.3	17.7	2019	11	12	5	1	0.68	0.3	560	289	98	126	0.002	0.032	1	14.3	12.3	69.7
201911362	46.321676	7.359363	4.609	269.3	-48.4	320.3	11.8	7.8	17.1	2019	11	12	7	30	51.54	0.1	304	222	41	48	0.003	0.027	1	23.6	15.6	90.1
201911363	46.326546	7.369306	4.256	1035.1	493	-32.7	6.9	6.3	17.9	2019	11	12	8	37	21.44	0.6	580	486	124	156	0.003	0.033	1	14.1	12.2	63
201911365	46.323161	7.357124	3.698	96.9	116.7	-591.2	7.7	6.4	17	2019	11	12	9	17	57.99	2	492	273	120	124	0.003	0.04	1	16.4	11.4	61.2
201911366	46.325574	7.368567	4.25	978.1	384.9	-39.3	6.8	6.1	17.7	2019	11	12	9	27	58.02	0.8	663	646	135	171	0.003	0.03	1	14.1	11.8	63.7
201911367	46.323279	7.358452	3.696	199.2	129.8	-592.7	8.6	9.4	19.3	2019	11	12	9	43	55.28	0.6	491	170	80	85	0.003	0.03	1	21.6	13.7	39
201911368	46.325793	7.367124	4.069	867	409.3	-219.6	6.7	6.5	17.6	2019	11	12	10	27	22.87	0.5	501	332	138	174	0.002	0.033	1	14	12.4	51
201911369	46.323319	7.357594	3.672	133.1	134.3	-617.5	11	15.8	23	2019	11	12	10	28	19.91	0.3	449	98	72	70	0.002	0.033	1	33	20	20.5
201911370	46.32581	7.367228	4.091	875	411.1	-197.9	7.1	6.2	17.7	2019	11	12	10	31	57.1	0.8	574	511	180	210	0.003	0.038	1	14.4	12.2	68.7
201911371	46.325879	7.367611	4.062	904.5	418.8	-226.9	6.9	8.7	18	2019	11	12	11	6	31.27	0.1	433	234	95	111	0.002	0.034	1	17.6	13.6	10.8
201911372	46.325513	7.369028	4.263	1013.7	378.1	-25.9	6.8	6.2	17.7	2019	11	12	11	58	36.93	0.9	704	804	142	221	0.003	0.036	1	14	12	65.7
201911373	46.325517	7.36928	4.293	1033.1	378.6	4	6.8	6.2	17.8	2019	11	12	12	40	1.11	0.2	534	412	87	119	0.002	0.027	1	14	11.9	63.3
201911374	46.325879	7.367744	4.08	914.8	418.8	-209.6	6.8	6.4	17.3	2019	11	12	13	21	54.38	0.6	493	422	120	146	0.002	0.037	1	14.3	12.2	56.4
201911376	46.324833	7.367432	4.108	890.7	302.6	-181.2	12.8	14.8	26.2	2019	11	12	13	43	30.89	1.9	55	47	196	167	0.005	0.04	1	31.2	23.7	151.9
201911377	46.325716	7.36785	4.271	922.9	400.7	-17.8	6.9	6.2	17.4	2019	11	12	13	45	26.33	0.8	603	598	116	144	0.003	0.029	1	14.5	11.6	59
201911378	46.325464	7.368873	4.325	1001.7	372.7	36.1	6.9	6.4	17.8	2019	11	12	14	1	57.56	1.2	697	897	115	186	0.003	0.039	1	14.3	12.3	58.9
201911379	46.325541	7.368454	4.302	969.4	381.3	13.1	6.9	6.3	17.6	2019	11	12	14	5	56.12	1.5	785	954	147	228	0.003	0.036	1	14.3	12.1	64.5
201911380	46.325586	7.368268	4.304	955.1	386.3	15	6.9	6.2	17.5	2019	11	12	14	12	56.25	0.9	687	694	130	158	0.003	0.032	1	14.2	12	65
201911381	46.325753	7.368086	4.243	941.1	404.8	-45.7	9	15.4	30.2	2019	11	12	14	14	26.12	1	346	109	140	165	0.003	0.03	1	31.8	16.3	163.3
201911382	46.32546	7.370061	4.254	1093.2	372.2	-34.7	6.9	6.3	17.8	2019	11	12	14	15	43.04	0.2	418	238	63	97	0.002	0.03	1	14.3	12	62.8
201911383	46.325594	7.369104	4.191	1019.5	387.2	-98.6	6.9	6.3	17.5	2019	11	12	14	21	32.48	1.4	687	797	147	249	0.003	0.035	1	14.1	12.4	67.6
201911385	46.325916	7.365584	4.07	748.4	422.9	-219.1	7.2	7.1	18.4	2019	11	12	14	29	18.41	0.9	439	351	87	131	0.003	0.033	1	15.7	12.8	45.4
201911386	46.325631	7.365541	4.076	745.1	391.2	-212.7	7.7	7.9	29.9	2019	11	12	14	36	45.84	2.7	269	300	152	122	0.004	0.045	1	15.8	15.4	173
201911387	46.325859	7.367154	4.013	869.4	416.6	-275.8	6.9	6.1	17.6	2019	11	12	14	44	46.87	1	600	615	102	156	0.003	0.034	1	14.5	11.6	60.4
201911388	46.32535	7.370441	4.335	1122.5	360	45.9	6.9	6.1	17.7	2019	11	12	14	57	58.06	0.9	670	771	123	215	0.003	0.034	1	14.1	12	72.1
201911390	46.325374	7.369993	4.317	1088	362.7	28.2	6.8	6.3	18.1	2019	11	12	14	59	59.17	1.1	616	829	90	154	0.003	0.038	1	14.1	12.2	59.4
201911391	46.325899	7.364904	3.904	696.1	421.1	-385.4	7.1	6.5	17.5	2019	11	12	15	7	47.68	1.2	663	580	107	137	0.003	0.036	1	14.4	12.9	70.4
201911392	46.32583	7.364961	3.975	700.4	413.4	-314.5	11.1	19	36.8	2019	11	12	15	35	59.41	0.9	456	97	121	171	0.003	0.034	1	41.7	14.8	154.7
201911394	46.324084	7.357113	3.597	96.1	219.4	-691.9	9.5	6.8	16.4	2019	11	12	17	2	50.84	0.3	267	24	103	113	0.003	0.039	1	19.2	13.6	97
201911396	46.326078	7.367211	3.904	873.7	441	-384.7	7	6.1	17.6	2019	11	12	19	19	25.36	1.3	615	651	112	178	0.003	0.033	1	14.5	11.7	64.5
201911397	46.326188	7.368008	3.798	935.1	453.2	-491.1	7.3	6.4	17.6	2019	11	12	19	22	46.56	0.2	455	246	105	112	0.003	0.033	1	15	12.6	69.5
201911398	46.320296	7.348154	4.488	-593.9	-201.7	199.2	9	9.9	16.2	2019	11	12	20	8	45.6	0.4	188	141	123	145	0.004	0.038	1	20.3	17.5	155.4
201911399	46.32559	7.370528	4.216	1129.2	386.7	-73	6.8	6	18	2019	11	12	21	58	51.5	0.1	420	351	106	186	0.002	0.038	1	14	11.6	64.6
201911400	46.325948	7.367822	3.954	920.7	426.5	-334.9	6.7	6	17.5	2019	11	12	22	18	20.7	0.5	589	451	101	152	0.003	0.032	1	14.1	11.4	60.8
201911401	46.325867	7.366132	3.481	790.6	417.5	-808.4	11	6.1	17.7	2019	11	12	22	46	51.52	0.3	487	135	77	88	0.002	0.03	1	22.2	12.1	96.7
201911404	46.325053	7.368574	4.755	978.6	327	465.5	6.8	6.2	17.4	2019	11	13	3	18	35.44	0.4	433	472	100	166	0.002	0.038	1	14.1	11.9	61.7
201911408	46.323059	7.359621	3.748	289.2	105.4	-540.7	7.7	6.3	16.8	2019	11	13	17	10	49.76	1.3	635	241	102	87	0.003	0.04	1	15.6	12.4	74.7
201911409	46.325488	7.370352	4.236	1115.6	375.4	-53.1	6.9	6.2	18	2019	11	13	18	44	20.2	1.2	622	774	90	167	0.003	0.033	1	14.2	12	66.2
201911410	46.326172	7.367428	4.269	890.4	451.4	-20.5	7.7	6.9	18.7	2019	11	13	21	23	43.4	0.4	443	244	123	140	0.003	0.034	1	16	13.2	65.2
201911412	46.323421	7.358512	3.701	203.8	145.6	-587.7	8.1	8.3	18.1	2019	11	14	8	56	2.43	0.9	465	196	102	98	0.003	0.039	1	19.3	13.2	43.1
201911426	46.32568	7.369925	4.771	1082.7	396.7	481.4	6.8	6.3	18.4	2019	11	16	5	49	19.53	1.3	541	615	146	113	0.003	0.039	1	14	12.1	61.1
201911427	46.325724	7.369052	4.59	1015.5	401.6	300.7	7.1	6.8	18.7	2019	11	16	5	59	16.12	1.4	481	628	135	122	0.003	0.034	1	14.7	13.2	57.4
201911428	46.325578	7.369634	4.746	1060.3	385.4	456.8	6.8	6.3	17.9	2019	11	16	6	17	19.96	1.4	557	667	201	157	0.003	0.034	1	14	12.1	62.8
201911429	46.325326	7.368967	4.719	1009	357.3	429.8	6.9	6.2	17.9	2019	11	16	6	24	4.91	1.3	530	595	124	122	0.003	0.044	1	14.1	12.1	64.1
201911430	46.320003	7.354537	4.827	-102.3	-234.3	537.4	37.4	95.3	963.5	2019	11	16	7	1	55.45	0.6	3	93	0	2	0.003	0.098	1	204.1	21.7	20.7
201911431	46.325183	7.369063	4.783	1016.3	341.5	493.5	6.8	6.2	18	2019	11	16	7	32	23.63	0.8	453	530	174	177	0.002	0.04	1	14	12.1	64.5
201911432	46.325806	7.369717	4.661	1066.7	410.7	372.1	6.9	6.4	17.8	2019	11	16	9	27	2.02	0	352	342	35	73	0.002	0.033	1	14.1	12.4	64.7
201911433	46.319556	7.340468	3.312	-1185.8	-284	-976.8	7.6	5.9	14.7	2019	11	16	13	12	47.7	0.6	509	176	81	75	0.002	0.037	1	15.4	11.8	82
201911437	46.32144	7.343249	4.132	-971.6	-74.6	-156.7	13.5	27.5	41.8	2019	11	17	5	15	55.22	0.2	390	235	103	84	0.002	0.032	1	55.9	25.7	169.7
201911447	46.323271	7.352889	3.824	-229.2	128.9	-464.9	11.3	6.5	22.4	2019	11	18	13	31	40.64	0.4	142	83	85	89	0.004	0.035	1	22.7	12.8	98.1
201911480	46.32135	7.348271	3.848	-584.9	-84.6	-441	7	6	15.9	2019	11	24	0	41	53.75	1	791	432	76	84	0.003	0.027	1	14.3	11.6	69.9
201911481	46.323633	7.359113	3.869	250.1	169.2	-420	6.8	6	16.7	2019	11	24	1	25	46.67	0.3	623	309	106	107	0.003	0.034	1	14.1	11.5	65.7
201911482	46.31971	7.342212	3.403	-1051.5	-266.9	-886.4	7.2	5.6	14.9	2019	11	24	1	29	46.77	0.7	631	246	143	116	0.002	0.034	1	14.6	11.1	77.4
201911483	46.319702	7.342711	3.416	-1013.1	-267.8	-873.4	7.2	5.7	14.9	2019	11	24	1	59	43.56	0.4	544	224	152	126	0.002	0.035	1	14.6	11.2	74.3
201911495	46.319722	7.34195	3.391	-1071.7	-265.5	-898.3	7.4	5.8	14.7	2019	11	27	5	20	12.63	0.8	630	241	124	84	0.002	0.032	1	15.1	11.3	75.3
201911520	46.323568	7.364014	0.264	627.5	161.9	-4025.5	50.3	79	173.9	2019	11	30	10	28	32.06	0.1	13	1	30	20	0.003	0.024	1	165.4	89.3	19.8
201912001	46.322599	7.356929	3.844	81.9	54.3	-445.3	6.7	6.3	16.9	2019	12	1	2	54	29.18	0.3	386	168	105	92	0.002	0.031	1	14.3	11.8	54.4
201912009	46.321973	7.356395	3.966	40.8	-15.4	-323.1	7	6	16.1	2019	12	2	9	6	42.23	0.6	716	424	51	42	0.003	0.035	1	14.2	11.8	70.8
201912010	46.321265	7.350007	4.33	-451.2	-94.1	40.8	7.2	6.7	16.2	2019	12	2	9	12	31.67	0.4	450	197	55	55	0.002	0.024	1	15	12.8	57.2
201912026	46.321928	7.359122	4.637	250.8	-20.4	347.6	7	6.3	16	2019	12	5	2	50	9.25	1.8	814	673	173	146	0.003	0.041	1	14.4	12.3	66.2
201912027	46.321257	7.346242	3.414	-741.1	-95	-875.1	28	9.2	20.8	2019	12	5	9	20	20.23	0.5	386	139	65	67	0.002	0.032	1	57.8	12.6	76.1
201912034	46.321887	7.3602	4.81	333.8	-24.9	520.5	7.8	6.4	23.9	2019	12	5	13	18	0.79	0.8	336	368	150	133	0.003	0.043	1	15.6	12.7	85.5
201912040	46.325663	7.374472	4.322	1432.9	394.9	33	6.7	6.6	18.5	2019	12	5	23	27	35.4	1	666	675	111	102	0.003	0.028	1	14.2	12.3	47
201912041	46.325667	7.374737	4.334	1453.3	395.3	44.5	6.8	6.4	18.5	2019	12	5	23	32	46.06	0.7	532	499	97	103	0.002	0.029	1	14.2	12.1	55.8
201912042	46.325631	7.37462	4.358	1444.2	391.2	69	6.7	6.4	18.5	2019	12	5	23	44	13.72	0.7	547	543	82	84	0.003	0.024	1	14	12.1	55.6
201912043	46.325655	7.374359	4.319	1424.2	394	29.6	6.8	6.5	17.7	2019	12	5	23	44	24.7	0.5	513	580	46	49	0.003	0.03	1	14.2	12.4	54.4
201912044	46.325675	7.374085	4.282	1403.1	396.2	-6.9	6.7	6.5	18.4	2019	12	6	1	21	38.42	0.6	465	555	96	95	0.002	0.03	1	13.9	12.4	53.9
201912045	46.325639	7.374315	4.336	1420.8	392.1	47.3	6.9	6.4	18.4	2019	12	6	1	29	0.48	2	752	678	133	115	0.003	0.035	1	14.3	12.3	58.4
201912046	46.325643	7.373319	4.277	1344.1	392.6	-11.9	6.9	6.5	18.2	2019	12	6	3	37	14.88	0.6	546	599	147	142	0.003	0.032	1	14.2	12.5	59.5
201912047	46.325773	7.374487	4.282	1434.1	407.1	-7.3	7	6.5	18.3	2019	12	6	5	45	11.05	1.7	587	589	137	119	0.003	0.037	1	14.2	12.9	68.8
201912052	46.32526	7.372631	4.401	1291.1	350.1	111.7	8.7	7.5	19.6	2019	12	6	20	52	33.92	0	291	121	22	48	0.002	0.03	1	18.1	14.3	63.8
201912056	46.323649	7.366302	4.811	803.8	171	522.1	8.6	6.9	17.8	2019	12	8	20	25	50.48	0.5	408	237	145	165	0.003	0.04	1	18	12.9	67.2
201912069	46.320703	7.346978	3.668	-684.4	-156.5	-621.2	7.2	6.1	15.9	2019	12	10	13	28	1.25	2	853	362	154	132	0.003	0.037	1	14.9	11.8	69
201912070	46.320862	7.347553	3.603	-640.2	-138.9	-686.4	7	6.2	15.8	2019	12	10	14	29	59.42	0.8	581	222	91	89	0.003	0.028	1	14.3	12.1	69.7
201912086	46.322026	7.354523	4.409	-103.4	-9.5	119.6	6.9	6.2	17	2019	12	14	19	14	6.64	0.6	757	358	116	87	0.003	0.037	1	14.2	12	67.1
201912095	46.321944	7.359103	4.507	249.4	-18.5	217.4	8.8	9.9	22.2	2019	12	17	16	29	25.94	0.3	150	38	61	52	0.004	0.032	1	20.5	16.8	152.1
201912103	46.319788	7.341209	3.373	-1128.8	-258.3	-916.6	7.4	5.7	14.6	2019	12	20	19	2	35.94	1	561	210	129	95	0.002	0.035	1	15	11.2	75.1
201912106	46.319604	7.340295	3.338	-1199.2	-278.6	-951.1	7.3	5.6	14.5	2019	12	20	21	24	19.2	0.5	489	182	100	71	0.002	0.026	1	14.8	11.1	76.1
201912118	46.325094	7.362563	3.857	515.8	331.5	-432	8.2	6.3	17.8	2019	12	25	14	10	32.58	0.7	437	261	63	86	0.003	0.036	1	16.8	12.3	74.7
202001017	46.32526	7.372566	4.613	1286.1	350.1	323.7	7	6.8	18.6	2020	1	6	17	34	53.74	0.8	482	524	186	103	0.003	0.035	1	14.8	12.6	50.3
202001018	46.325281	7.373347	4.619	1346.3	352.3	329.6	7	7.5	18.6	2020	1	6	17	39	46.56	0.5	428	322	96	83	0.003	0.028	1	16	12.9	35.7
202001019	46.325232	7.373019	4.613	1321	346.9	323.7	6.9	6.4	18.5	2020	1	6	17	39	55.12	0.6	403	448	45	75	0.003	0.025	1	14.4	12.1	55.8
202001020	46.32557	7.372682	4.563	1295.1	384.5	274.1	33.5	48.6	38.3	2020	1	6	19	45	52.42	-0.3	338	112	35	39	0.002	0.027	1	117.3	15.9	145.8
202001043	46.321802	7.358851	4.353	229.9	-34.4	64	7.2	6.4	16.6	2020	1	13	19	50	10.94	0.2	132	268	56	71	0.003	0.029	1	15	12.2	63
202001053	46.320687	7.345335	3.751	-811	-158.3	-537.9	7.1	6.2	15.4	2020	1	15	17	40	58.6	1.8	829	501	129	93	0.003	0.039	1	14.8	11.8	63.2
202001071	46.321733	7.35315	3.815	-209.1	-42.1	-474.5	7.2	5.8	15.9	2020	1	19	4	20	29.5	0.2	651	245	45	29	0.002	0.028	1	14.6	11.4	75
202001076	46.321554	7.347235	4.72	-664.6	-62	430.8	11	9.2	16.1	2020	1	20	14	32	18.5	0.3	221	125	55	56	0.002	0.033	1	24.7	14.5	124.3
202001079	46.321318	7.34677	4.768	-700.5	-88.2	478.6	8.5	6.6	16.2	2020	1	21	5	54	47.33	0.5	369	181	61	61	0.002	0.03	1	17.9	12	65.7
202001112	46.32581	7.370825	4.828	1152	411.1	538.5	7.6	6.5	17.9	2020	1	26	14	16	15.57	0.4	385	281	76	72	0.002	0.029	1	15.9	12.2	62.7
202002046	46.322253	7.351858	4.117	-308.6	15.8	-172.4	7.1	6.5	16.4	2020	2	8	18	29	18.66	0.3	466	187	43	53	0.002	0.031	1	15	12.1	57.6
202003041	46.322514	7.356873	3.863	77.6	44.8	-426.6	7.7	7	17.1	2020	3	10	18	50	56.26	1.6	485	181	121	120	0.003	0.041	1	16.7	12.5	54.8
202003060	46.321659	7.352942	3.748	-225.2	-50.2	-541.4	7.1	6.3	16.8	2020	3	15	11	1	56.61	1	659	382	107	85	0.003	0.033	1	14.2	12.5	76.6
202003066	46.323828	7.365982	4.784	779.1	190.9	494.7	6.9	6.4	17.7	2020	3	16	19	44	50.68	0.9	412	467	111	107	0.002	0.046	1	14.1	12.4	61.7
202003067	46.324028	7.3665	4.783	819	213	493.9	6.9	6.1	17.5	2020	3	17	4	39	16.28	0.3	387	434	90	170	0.002	0.038	1	14.2	11.9	66.8
202003068	46.324451	7.36664	4.753	829.8	260.1	464	7.5	16.6	23.1	2020	3	17	4	39	21.78	0.2	351	277	72	183	0.002	0.039	1	33.9	13.6	11.9
202003082	46.323735	7.365847	4.789	768.7	180.5	500.2	6.8	6.3	17.7	2020	3	19	0	51	57.27	1	499	542	122	127	0.003	0.042	1	14.1	12.1	61.7
202003098	46.321236	7.345386	4.791	-807	-97.2	501.5	12.7	7.6	16.3	2020	3	21	5	20	48.63	0	348	106	49	53	0.002	0.034	1	27.1	12.2	68
202003129	46.309102	7.334571	4.009	-1640.1	-1446	-279.8	76.7	126.6	85.3	2020	3	23	13	13	20.01	0.5	78	1	40	34	0.003	0.035	1	278.4	102.7	153.8
202003156	46.324308	7.360853	3.842	384.1	244.2	-447	7.5	5.8	17.9	2020	3	27	20	47	15.7	0.6	244	259	86	82	0.003	0.03	1	15.1	11.4	76.2
202003161	46.319234	7.345707	5.051	-782.4	-319.8	761.5	55.6	57.3	35.5	2020	3	28	3	35	15.9	0.9	358	17	100	69	0.002	0.033	1	158.1	25.2	44.1
202003170	46.322864	7.360278	3.765	339.8	83.7	-524.2	8.3	8.6	17.9	2020	3	31	2	8	59.34	0	433	132	73	52	0.003	0.03	1	19	14.8	41
202004050	46.324162	7.360887	3.904	386.7	228	-385	7.1	6.3	17.4	2020	4	15	3	51	58.16	0.8	643	472	77	83	0.003	0.039	1	14.8	11.9	62.9
202004066	46.322017	7.36072	4.449	373.8	-10.4	159.5	7.1	6.3	18.7	2020	4	17	17	16	57.06	1.1	579	691	145	156	0.003	0.04	1	14.6	12.1	66.5
202004069	46.321102	7.343638	4.275	-941.7	-112.2	-14.6	7	10.3	16.8	2020	4	18	19	14	49.28	0.5	448	317	97	72	0.002	0.035	1	20.9	13.5	14.2
202004110	46.323311	7.360041	3.755	321.5	133.4	-534.5	8	6	17.4	2020	4	27	23	11	16.92	0.5	473	176	65	75	0.003	0.029	1	16.4	11.7	76.1
202005079	46.321326	7.349796	3.617	-467.5	-87.3	-672.1	8.4	6.1	15.9	2020	5	21	17	13	12.12	0.4	391	105	20	38	0.002	0.026	1	16.8	12.2	86.7
202006102	46.32159	7.353533	3.803	-179.6	-57.9	-486	7.6	5.8	16.1	2020	6	22	20	43	26.22	0.3	691	305	40	28	0.003	0.029	1	15.4	11.4	75.9
202007005	46.318986	7.35094	4.954	-379.3	-347.4	665	9.4	9.7	17.1	2020	7	1	18	0	39.32	0.6	494	137	76	61	0.002	0.036	1	22.4	15.4	42.9
202007038	46.319963	7.342495	4.515	-1029.7	-238.8	225.4	8.6	13	25	2020	7	9	21	53	3.48	0.8	520	138	97	59	0.003	0.044	1	26.2	17.2	174.7
202007068	46.319784	7.343068	4.503	-985.6	-258.7	214	32.5	89.7	109	2020	7	16	13	50	51.44	0.4	418	62	59	64	0.002	0.032	1	190	22.9	161.1
202008013	46.326689	7.374696	3.765	1450.1	508.8	-523.8	8	6.7	19	2020	8	5	3	39	45.56	0.7	413	139	78	82	0.003	0.032	1	16	13.5	85.9
202008014	46.323433	7.35787	3.748	154.4	147	-540.8	9.4	7.8	16.9	2020	8	5	4	3	56.48	0.5	456	161	70	58	0.002	0.027	1	19.2	15.1	70.6
202010016	46.322009	7.371993	3.013	1242	-11.3	-1276.4	11.2	19.5	24.5	2020	10	3	23	56	9.8	0.5	139	79	82	57	0.003	0.045	1	43	13.5	25.9
202010103	46.309741	7.363345	6.655	576.1	-1375	2366.1	65.6	54.7	98.7	2020	10	15	0	21	58.81	2.6	95	38	154	63	0.005	0.041	1	135	105.2	68.8
202010119	46.321301	7.349447	4.766	-494.3	-90	477.3	6.9	6.4	16	2020	10	17	20	7	39.08	0.2	563	368	76	83	0.002	0.032	1	14.3	12.3	57.5
202011264	46.320378	7.345212	3.629	-820.5	-192.7	-660	18.5	8.9	18.5	2020	11	20	5	53	27.57	0.5	227	79	97	93	0.003	0.037	1	38.5	14.5	72.9
202012119	46.31969	7.352378	4.944	-268.6	-269.1	655.2	10	35.5	33.6	2020	12	22	22	5	46.32	1	435	213	190	122	0.003	0.043	1	72.5	14.5	11.3
202101106	46.330518	7.35018	4.078	-437.8	934.5	-211.4	24.9	18	63.9	2021	1	27	9	43	44.22	0.7	498	2	58	44	0.002	0.043	1	60.2	13.3	55
202102095	46.319503	7.352709	4.578	-243.1	-289.9	289.2	12.1	6.4	21	2021	2	21	0	33	42.18	1.2	199	76	100	81	0.004	0.034	1	24.4	12.8	88.5
202102098	46.31956	7.353112	4.827	-212	-283.6	538	6.9	6.1	16.7	2021	2	22	2	31	31.11	0.8	399	332	104	87	0.002	0.031	1	14.1	11.9	67.1
202102100	46.320369	7.353914	4.777	-150.3	-193.6	487.6	11.7	22.4	19.8	2021	2	22	12	24	15.66	0.3	381	103	36	37	0.002	0.026	1	45.8	21.7	13
202102101	46.319804	7.354871	4.673	-76.6	-256.5	383.9	9.5	6.5	19.3	2021	2	22	13	22	27.88	1.1	503	104	51	44	0.002	0.035	1	19.2	12.7	77.3
202102104	46.319307	7.353913	4.84	-150.4	-311.6	550.9	11.7	6.7	16.4	2021	2	22	18	29	37.14	1.2	451	201	103	65	0.003	0.035	1	24	12.7	76.7
202103020	46.327913	7.372338	2.891	1268.5	645	-1398.1	14.8	10.4	31.4	2021	3	3	0	38	14.2	1.2	145	4	87	77	0.004	0.035	1	30.4	19.7	73
202103037	46.321928	7.355907	3.869	3.2	-20.4	-419.9	16.3	9.6	30.8	2021	3	8	18	12	53.04	0.4	439	12	43	37	0.002	0.028	1	34.1	16.5	70.8
202103049	46.320479	7.344401	3.393	-883	-181.4	-895.7	14.2	6	15.3	2021	3	11	20	2	47	1.6	547	185	126	126	0.003	0.031	1	28.4	12.1	88.5