ID	LAT	LON	DEPTH	X	Y	Z	EX	EY	EZ	YR	MO	DY	HR	MI	SC	MAG	NCCP	NCCS	NCTP	NCTS	RCC	RCT	CID	maxhor-m	minhor-m	maxazi
201401031	46.263871	7.397911	7.079	252.2	1.4	372.1	2.2	3.2	19.7	2014	1	10	4	46	48.01	1.6	1345	1705	410	272	0.004	0.029	1	7.5	2.2	31.6
201401066	46.263904	7.39826	7.085	279.2	5	378.3	2.2	3.2	20.2	2014	1	19	5	24	27.05	0.9	1055	1506	227	175	0.003	0.026	1	7.5	2.4	32.4
201402047	46.263806	7.398525	7.139	299.5	-5.9	432	2.2	3.3	21.3	2014	2	21	4	5	27.24	0.4	446	619	66	77	0.003	0.021	1	7.6	2.6	30.5
201404006	46.26394	7.399035	7.071	338.8	9	364.3	2.4	3.3	21.5	2014	4	2	17	5	28.42	0.4	397	567	73	83	0.002	0.021	1	7.6	2.9	32.5
201404125	46.263867	7.398527	7.057	299.7	0.9	350.3	2.2	3.4	20.5	2014	4	20	22	41	46.32	1	601	675	103	96	0.003	0.019	1	7.7	2.6	29.7
201405055	46.263871	7.398687	7.079	312	1.4	372.2	2.3	3.2	20	2014	5	13	4	46	13.07	1	573	1196	151	83	0.004	0.036	1	7.5	2.4	32.8
201410144	46.263741	7.39901	7.145	336.9	-13.1	437.8	2.8	3.5	21.1	2014	10	29	20	38	55.92	0.6	563	484	94	83	0.003	0.021	1	8.4	3.3	36.7
201506059	46.263973	7.398089	7.054	265.9	12.7	347.4	2.2	3.3	19.7	2015	6	20	10	30	22.89	3.1	1429	1657	279	187	0.005	0.042	1	7.6	2.4	32
201508073	46.264083	7.397023	7.087	183.7	24.9	379.9	2.2	3.3	20	2015	8	31	0	17	30.94	0.9	1297	2035	188	150	0.004	0.029	1	7.6	2.4	32.1
201509043	46.264058	7.398119	6.987	268.2	22.2	279.7	2.3	3.2	19.9	2015	9	13	11	29	9.55	0.8	620	1598	135	108	0.004	0.024	1	7.5	2.4	32.6
201510019	46.264233	7.396658	7.045	155.6	41.6	338.5	2.3	3.3	19.9	2015	10	6	19	53	42.56	0.7	1384	1797	230	231	0.003	0.03	1	7.7	2.4	31.9
201510021	46.264274	7.396485	7.015	142.3	46.1	307.9	2.3	3.3	20.1	2015	10	6	22	42	50.42	0.2	927	993	150	130	0.003	0.035	1	7.6	2.5	32.3
201510022	46.264347	7.396041	7.039	108	54.3	332.4	2.3	3.3	19.9	2015	10	7	0	10	36.36	0.3	850	1144	201	152	0.003	0.028	1	7.7	2.4	32.9
201510023	46.264217	7.396397	7.065	135.5	39.8	358	2.2	3.2	20.2	2015	10	7	7	42	48.69	0.7	1171	1373	216	181	0.003	0.03	1	7.5	2.3	32.8
201510024	46.264132	7.396777	7.076	164.8	30.3	368.9	2.2	3.2	19.8	2015	10	7	8	32	12.2	1.1	1517	1916	232	200	0.004	0.027	1	7.5	2.4	31.9
201510028	46.264124	7.396638	7.086	154.1	29.4	379.1	2.3	3.3	20.4	2015	10	7	13	54	0.18	0.4	861	1049	169	131	0.003	0.022	1	7.6	2.4	33.1
201510030	46.264148	7.39666	7.08	155.8	32.1	373.4	2.2	3.2	19.9	2015	10	8	2	5	52.01	1.9	1999	2335	375	253	0.004	0.028	1	7.4	2.3	31.7
201510042	46.26427	7.395979	7.089	103.3	45.7	382.1	2.3	3.3	19.9	2015	10	12	20	20	29.16	0.7	1401	1814	221	169	0.004	0.024	1	7.7	2.2	33.3
201510043	46.264136	7.396505	7.112	143.8	30.8	405.3	2.2	3.3	20.1	2015	10	12	21	39	44.28	0.6	1032	1656	186	148	0.003	0.031	1	7.6	2.4	32.1
201510046	46.264026	7.398629	6.995	307.5	18.5	287.7	2.4	3.2	21	2015	10	13	17	36	33.28	0.4	898	746	95	85	0.003	0.023	1	7.6	2.6	34.2
201510066	46.264115	7.39764	6.962	231.4	28.5	254.7	2.2	3.1	19.9	2015	10	15	1	33	31.84	0.6	1405	1564	176	152	0.003	0.021	1	7.3	2.3	32.6
201510068	46.264083	7.39793	6.958	253.7	24.9	250.7	2.2	3.2	20	2015	10	15	17	2	10.04	2.2	2139	2077	448	317	0.004	0.031	1	7.4	2.2	32.8
201510082	46.263981	7.398914	6.991	329.5	13.6	284.3	2.1	3.2	20.1	2015	10	20	20	59	52.96	1	1693	2041	316	226	0.004	0.028	1	7.4	2.2	30.5
201510106	46.264237	7.396637	6.952	154	42.1	245.2	2.3	3.1	19.9	2015	10	27	2	0	11.33	0.5	1005	1151	173	143	0.003	0.02	1	7.4	2.5	33.5
201510107	46.264132	7.397471	6.936	218.3	30.3	228.7	2.2	3.2	20	2015	10	27	16	35	43.63	0.4	257	320	61	73	0.003	0.02	1	7.3	2.8	31.2
201510115	46.264079	7.396793	7.095	166	24.4	388.1	2.2	3.3	20.3	2015	10	30	16	47	22.96	0.6	1052	1094	193	160	0.003	0.024	1	7.6	2.3	31.6
201511008	46.264689	7.394244	7.075	-30.5	92.3	367.9	2.3	3.2	20.4	2015	11	2	21	34	42.92	0.4	852	994	144	119	0.003	0.028	1	7.6	2.4	33.7
201511014	46.264095	7.398206	6.991	274.9	26.2	283.8	2.2	3.3	20.1	2015	11	4	19	9	7.18	0.6	1068	1195	149	119	0.003	0.021	1	7.5	2.5	31
201511015	46.26405	7.39855	6.997	301.5	21.3	290.5	2.2	3.2	20.1	2015	11	4	19	18	17.02	0.6	1282	1705	184	161	0.004	0.025	1	7.5	2.2	32.8
201511035	46.264136	7.396422	7.112	137.4	30.8	405.6	2.2	3.2	20.2	2015	11	9	3	47	36.95	0.5	1322	1545	200	154	0.003	0.021	1	7.5	2.2	32.4
201511038	46.264355	7.395984	7.043	103.7	55.2	336	2.3	3.2	20.2	2015	11	9	15	2	41.75	0.8	1138	1501	190	165	0.003	0.019	1	7.4	2.5	33.2
201511039	46.264518	7.39526	7.034	47.8	73.3	327.6	2.3	3.3	20.2	2015	11	9	18	28	26.98	0.4	996	988	140	99	0.003	0.022	1	7.7	2.5	33.5
201511040	46.2646	7.394845	7.042	15.8	82.3	335.1	2.3	3.2	19.8	2015	11	9	20	11	21.26	0.7	1297	1870	201	157	0.003	0.024	1	7.6	2.2	32.8
201511041	46.264587	7.394886	7.037	19	81	330.1	2.2	3.3	20.1	2015	11	9	20	29	30.32	0.9	1462	1969	201	162	0.003	0.025	1	7.6	2.2	31.2
201511042	46.2644	7.39574	7.009	84.8	60.2	302.5	2.3	3.2	20	2015	11	9	20	34	31.44	0.3	948	737	89	72	0.003	0.026	1	7.5	2.4	34.1
201511043	46.264103	7.395394	7.008	58.2	27.1	300.6	2.4	3.2	21.8	2015	11	9	20	34	33.68	0.6	291	448	97	76	0.002	0.018	1	7.7	2.6	35.2
201511044	46.264677	7.394351	7.048	-22.2	90.9	340.7	2.3	3.3	20.4	2015	11	9	20	36	3.56	0.4	842	997	100	103	0.003	0.024	1	7.7	2.5	32.6
201511045	46.264445	7.395486	7.021	65.2	65.1	314.4	2.3	3.4	20.3	2015	11	9	21	41	6.9	0.6	1174	1495	223	195	0.003	0.023	1	7.8	2.4	31.5
201511067	46.263928	7.397611	7.141	229.1	7.7	433.9	2.2	3.3	20	2015	11	13	14	30	36.3	1.6	1593	1547	282	199	0.004	0.025	1	7.6	2.4	31
201511068	46.264038	7.39686	7.1	171.2	19.9	393.2	2.2	3.3	19.9	2015	11	13	15	9	4.1	1.8	1852	2107	212	139	0.004	0.029	1	7.6	2.3	31.8
201511112	46.26366	7.399052	7.125	340.2	-22.2	418.1	2.4	3.4	20.1	2015	11	26	15	26	52.07	1.7	1285	1080	279	167	0.005	0.027	1	8	2.4	32.4
201512021	46.26416	7.39643	7.113	138.1	33.5	405.8	2.3	3.3	20.4	2015	12	7	13	11	47.85	0.6	968	1135	172	117	0.003	0.022	1	7.7	2.5	32
201512056	46.263916	7.397818	7.076	245	6.3	369.2	2.3	3.4	20.5	2015	12	11	14	13	57.74	0.5	812	700	95	79	0.003	0.023	1	7.8	2.5	32.1
201512057	46.264058	7.397198	7.061	197.2	22.2	354.1	2.2	3.4	20.7	2015	12	11	14	59	37.8	0.6	1101	1141	145	114	0.003	0.025	1	7.8	2.3	31.1
201512081	46.26392	7.397439	7.134	215.8	6.8	427.6	2.2	3.4	20.1	2015	12	22	1	11	21.34	0.8	1477	1585	295	199	0.004	0.03	1	7.7	2.5	30.5
201601034	46.263965	7.398369	6.915	287.5	11.8	208.2	2.2	3.3	20.1	2016	1	10	12	3	54.41	0.6	923	943	132	89	0.004	0.024	1	7.5	2.5	31.7
201601035	46.263965	7.398529	6.939	299.8	11.8	232.1	2.2	3.2	20	2016	1	10	13	24	55.62	0.9	1273	1488	221	143	0.004	0.027	1	7.4	2.3	31.8
201601043	46.263969	7.397141	7.131	192.8	12.2	424.2	2.3	3.2	20	2016	1	13	18	57	58.8	0.8	1329	1362	372	292	0.004	0.03	1	7.5	2.4	32.7
201601077	46.263717	7.397397	7.219	212.6	-15.8	512.6	2.2	3.3	20.1	2016	1	26	4	41	31.04	1.8	1910	1715	298	161	0.004	0.03	1	7.6	2.2	32.4
201605038	46.264392	7.395374	6.987	56.6	59.3	280.4	2.3	3.1	19.8	2016	5	10	10	16	49.12	0.4	784	855	60	57	0.003	0.016	1	7.4	2.4	33.9
201605039	46.264396	7.395253	6.945	47.3	59.7	238.1	2.3	3.2	20.2	2016	5	10	12	23	1.13	0.9	908	1130	58	59	0.004	0.029	1	7.5	2.4	33.2
201605040	46.26449	7.394714	6.987	5.8	70.1	280	2.2	3.1	19.8	2016	5	10	21	3	5.76	0.7	1202	1653	149	133	0.003	0.023	1	7.3	2.4	33.4
201605045	46.264311	7.396081	6.933	111.1	50.2	226	2.2	3.2	19.9	2016	5	11	15	47	39.94	1.1	1491	2148	173	118	0.004	0.025	1	7.5	2.3	32.1
201605046	46.264343	7.396016	6.911	106.1	53.8	204.4	2.3	3.2	19.9	2016	5	11	15	57	19.08	0.5	1147	1505	123	162	0.004	0.024	1	7.6	2.3	32.8
201605048	46.264335	7.396033	6.899	107.4	52.9	192.2	2.2	3.1	19.9	2016	5	12	12	12	7.11	1.1	1349	2053	137	115	0.004	0.025	1	7.3	2.3	32.4
201605049	46.264246	7.396642	6.939	154.4	43	232.1	2.2	3.6	19.9	2016	5	12	12	15	5.73	0.7	580	573	77	61	0.003	0.019	1	7.8	3.5	24.3
201605061	46.264591	7.394442	7.008	-15.2	81.4	301	2.3	3.2	20.1	2016	5	15	13	19	59.12	1.3	1541	1789	242	155	0.003	0.031	1	7.6	2.5	33.2
201605069	46.264388	7.395939	7.045	100.2	58.8	338.2	2.2	3.3	20.1	2016	5	18	19	16	48.22	0.7	1084	1626	121	99	0.003	0.021	1	7.6	2.3	32.2
201605070	46.264294	7.39651	7.015	144.2	48.4	307.6	2.2	3.2	20	2016	5	18	20	31	23.56	1.4	1850	2179	316	175	0.004	0.027	1	7.5	2.3	31.7
201605081	46.264213	7.397049	6.976	185.8	39.3	268.8	2.2	3.2	19.9	2016	5	21	3	33	11.75	0.4	1206	1289	94	79	0.003	0.033	1	7.5	2.4	32.3
201605082	46.264303	7.396295	6.97	127.6	49.3	263.1	2.2	3.2	20	2016	5	21	3	49	38.18	2.9	1868	1847	476	360	0.005	0.044	1	7.4	2.4	31.9
201605094	46.264063	7.398155	6.952	271	22.6	245.2	2.1	3.2	20.1	2016	5	27	0	5	10.32	0.5	1205	1365	149	93	0.003	0.029	1	7.3	2.4	31.1
201605096	46.264661	7.394291	7.119	-26.9	89.1	412.3	2.3	3.2	19.7	2016	5	27	22	9	43.1	1.4	1848	2173	379	296	0.004	0.026	1	7.5	2.4	32.8
201605097	46.264693	7.394022	7.107	-47.6	92.7	399.8	2.3	3.3	20	2016	5	28	11	57	16.6	1.5	1810	2258	372	310	0.004	0.027	1	7.6	2.4	32.6
201605098	46.264547	7.394892	7.088	19.5	76.4	381.4	2.3	3.3	20	2016	5	28	12	16	42.48	1	1354	1829	197	194	0.004	0.022	1	7.7	2.4	32
201605101	46.264726	7.393907	7.155	-56.5	96.3	448.2	2.3	3.3	20.2	2016	5	28	23	49	8.68	1.7	2103	2215	433	313	0.004	0.033	1	7.7	2.3	33.1
201605102	46.264482	7.394814	7.149	13.4	69.2	442.4	2.4	3.2	20.1	2016	5	28	23	59	48.64	1	1256	1117	325	218	0.003	0.024	1	7.6	2.5	33.6
201605103	46.264657	7.394119	7.174	-40.1	88.7	467	2.3	3.2	20	2016	5	29	10	55	54.46	0.9	1434	1747	168	170	0.004	0.023	1	7.6	2.3	33.5
201605104	46.264628	7.394358	7.144	-21.7	85.5	437.3	2.3	3.2	20.1	2016	5	29	10	56	7.32	0.6	928	1243	89	127	0.003	0.021	1	7.6	2.4	33.5
201605106	46.264657	7.394168	7.188	-36.4	88.7	481.4	2.3	3.3	20.1	2016	5	30	15	26	19.2	1.5	1611	1762	360	273	0.004	0.029	1	7.8	2.4	33
201606006	46.264734	7.393689	7.184	-73.3	97.2	477.6	2.3	3.4	20.3	2016	6	2	11	49	48.69	0.8	1188	1270	168	117	0.004	0.03	1	7.9	2.5	31.6
201606010	46.264478	7.394913	7.128	21.1	68.7	420.8	2.2	3.1	19.8	2016	6	5	7	31	36.48	0.6	1231	1313	189	174	0.004	0.033	1	7.3	2.3	33
201606011	46.264482	7.394688	7.138	3.8	69.2	430.9	2.3	3.3	20.3	2016	6	5	7	31	54.53	0.4	958	980	195	173	0.003	0.029	1	7.7	2.4	33.1
201606019	46.264819	7.39297	7.191	-128.7	106.7	484.4	2.3	3.4	20.1	2016	6	9	5	32	59.02	0.7	1140	1359	183	148	0.004	0.028	1	7.8	2.3	32.4
201606025	46.264132	7.396982	6.879	180.6	30.3	172.4	2.2	3.2	20.1	2016	6	10	17	18	3.38	1.2	1572	1969	193	122	0.003	0.022	1	7.5	2.2	33.4
201606027	46.263936	7.398334	6.916	284.8	8.6	209.2	2.2	3.1	20	2016	6	11	12	16	9.99	1.6	1872	2048	329	153	0.004	0.022	1	7.3	2.4	32.7
201606029	46.263904	7.398518	6.893	299	5	186.1	2.2	3.1	20.2	2016	6	11	22	19	45.54	1.1	1639	1875	232	166	0.004	0.02	1	7.3	2.3	32.5
201606031	46.264771	7.393465	7.198	-90.6	101.3	490.7	2.3	3.3	19.8	2016	6	12	13	5	54.64	0.9	1455	1899	222	230	0.004	0.029	1	7.7	2.3	33.1
201606032	46.263794	7.398931	6.905	330.9	-7.2	197.8	2.2	3.2	20.5	2016	6	12	16	40	34.1	0.8	1087	1061	152	93	0.004	0.027	1	7.5	2.5	32.2
201606035	46.264014	7.398003	6.914	259.3	17.2	207.3	2.3	3.3	20.2	2016	6	13	11	36	4.69	0.6	1108	873	152	122	0.003	0.018	1	7.6	2.5	31.8
201606046	46.264791	7.393131	7.229	-116.3	103.6	522.3	2.3	3.3	19.8	2016	6	21	16	27	27.73	1	1393	1688	233	187	0.004	0.03	1	7.7	2.4	33.1
201606052	46.264738	7.392402	7.182	-172.5	97.7	475.3	2.4	3.7	19.8	2016	6	24	4	12	17.25	3.2	1051	1327	392	279	0.006	0.033	1	8.3	3	29.8
201606068	46.264937	7.39267	7.295	-151.8	119.9	588.3	2.4	3.3	19.9	2016	6	29	22	1	52.2	0.8	1439	1590	221	156	0.005	0.024	1	7.8	2.5	33
201607002	46.263928	7.399089	6.926	343	7.7	219.5	2.4	3.3	20.8	2016	7	1	5	4	47.89	0.5	711	645	108	79	0.003	0.022	1	7.7	2.7	32.5
201607008	46.264929	7.392302	7.289	-180.2	119	582.5	2.4	3.2	19.9	2016	7	2	23	1	47.88	0.6	1199	1383	301	167	0.005	0.028	1	7.7	2.4	34.4
201607010	46.264718	7.393364	7.302	-98.3	95.4	594.7	2.4	3.5	20.3	2016	7	3	19	56	30.8	0.5	978	862	112	98	0.004	0.029	1	8.1	2.4	33
201607011	46.264933	7.392318	7.127	-179	119.4	420.5	2.3	3.3	20.2	2016	7	4	1	36	46.5	0.6	1179	1255	164	104	0.004	0.029	1	7.7	2.5	33.5
201607013	46.264754	7.393292	7.291	-103.9	99.5	584.5	2.4	3.5	20.4	2016	7	4	13	34	47.39	1.9	1533	1698	334	204	0.005	0.033	1	8.1	2.6	32.5
201607045	46.264608	7.39329	6.979	-104.1	83.2	271.8	2.3	3.2	20.1	2016	7	14	7	46	12.83	0.8	868	1187	168	140	0.004	0.026	1	7.5	2.4	33.5
201607100	46.264486	7.394781	7.152	10.9	69.7	445.5	2.4	3.3	20.1	2016	7	23	3	20	51.19	0.5	1009	1017	158	153	0.004	0.026	1	7.6	2.7	33
201607102	46.264441	7.394955	7.193	24.4	64.7	486.5	2.3	3.3	20.1	2016	7	23	4	40	57.23	0.7	1272	1283	140	124	0.004	0.023	1	7.7	2.5	31.6
201607109	46.264237	7.394793	6.815	11.8	42.1	107.9	2.2	3.1	19.9	2016	7	26	9	0	56.95	0.7	678	1340	134	114	0.003	0.022	1	7.3	2.3	34.1
201608001	46.264193	7.395946	6.806	100.7	37.1	99	2.3	3.2	19.9	2016	8	1	6	3	49.3	0.6	1091	1638	137	127	0.004	0.024	1	7.5	2.3	33.4
201608005	46.264905	7.392403	7.111	-172.4	116.2	404.2	2.3	3.2	19.8	2016	8	3	1	8	3.24	0.9	1386	1442	243	178	0.004	0.027	1	7.6	2.3	32.6
201608018	46.264547	7.393285	6.944	-104.4	76.4	237.1	2.2	3.2	19.8	2016	8	5	0	1	22.58	0.7	1075	1547	184	148	0.004	0.025	1	7.4	2.3	33.2
201608023	46.264608	7.393893	7.356	-57.5	83.2	649	2.4	3.3	19.9	2016	8	7	19	38	52.76	1.2	1556	1529	266	205	0.004	0.028	1	7.8	2.5	34.1
201608025	46.264893	7.392146	7.132	-192.3	114.9	425	2.3	3.3	19.9	2016	8	8	12	48	42.47	1.4	1409	1565	329	240	0.004	0.023	1	7.6	2.5	32.1
201608039	46.264746	7.392945	7.026	-130.6	98.6	319.2	2.3	3.2	20	2016	8	15	10	20	51.16	2	1799	2016	428	244	0.004	0.031	1	7.6	2.3	33.4
201609041	46.264775	7.392464	7.034	-167.7	101.8	327.6	2.3	3.2	19.9	2016	9	10	13	16	25.49	2.3	1885	1958	446	317	0.004	0.028	1	7.6	2.2	34.1
201609078	46.264591	7.391828	6.982	-216.8	81.4	275.5	2.3	3.2	19.7	2016	9	19	7	4	4.76	0.5	827	996	147	76	0.003	0.029	1	7.6	2.4	32.7
201609084	46.264827	7.39164	7.055	-231.3	107.6	348.6	2.4	3.2	20	2016	9	20	22	8	31	0.4	760	911	138	135	0.003	0.022	1	7.6	2.5	35.1
201609085	46.264758	7.391847	7.036	-215.3	100	328.7	2.3	3.2	19.9	2016	9	20	23	48	0.74	1.1	1210	1879	269	190	0.004	0.028	1	7.5	2.2	34.6
201610026	46.264152	7.397123	6.91	191.4	32.6	203.3	2.2	3.1	19.8	2016	10	2	20	20	32.9	2.3	2166	2256	452	266	0.004	0.029	1	7.2	2.3	33.3
201610036	46.263965	7.39796	6.83	256	11.8	123.4	2.2	3.1	19.9	2016	10	4	2	16	46.63	1.3	1810	2221	347	162	0.004	0.024	1	7.2	2.3	33.4
201610039	46.264583	7.391823	6.924	-217.2	80.5	217.1	2.4	3	20	2016	10	4	20	38	51.4	0.4	258	812	108	106	0.002	0.025	1	7.4	2.5	36.6
201610042	46.263977	7.398227	6.896	276.6	13.1	188.9	2.2	3.2	20.2	2016	10	5	10	27	18.89	0.6	1142	1408	193	174	0.003	0.021	1	7.4	2.3	32.2
201610043	46.263932	7.39834	6.921	285.3	8.1	214.4	2.2	3.2	20	2016	10	5	10	30	9.59	0.5	953	959	122	145	0.003	0.021	1	7.3	2.3	31.6
201610044	46.264018	7.397977	6.908	257.3	17.6	201.2	2.3	3.2	20.3	2016	10	5	10	30	44.42	0.7	1135	944	192	166	0.003	0.023	1	7.4	2.7	33.7
201610062	46.26403	7.397813	6.861	244.7	19	153.7	2.1	3.2	19.9	2016	10	8	15	54	25.07	0.8	1320	1663	209	75	0.003	0.02	1	7.3	2.3	31.1
201610093	46.26416	7.396383	6.756	134.4	33.5	49.1	2.2	3	20.4	2016	10	14	10	5	32.89	0.3	225	722	98	117	0.002	0.023	1	7.1	2.3	33.8
201610094	46.264046	7.397096	6.776	189.4	20.8	69.1	2.3	3	20.4	2016	10	14	10	5	47.5	0.2	379	795	77	118	0.002	0.025	1	7.2	2.4	36.3
201610095	46.263761	7.397418	6.813	214.2	-10.9	106.2	14.7	13.6	27	2016	10	14	10	6	53.38	0.1	201	417	77	108	0.002	0.024	1	39.5	7.2	132.6
201610097	46.264042	7.397123	6.807	191.4	20.4	100.6	2.3	3.1	20.1	2016	10	14	12	49	46.71	1.1	1128	1528	219	211	0.003	0.018	1	7.3	2.4	33.8
201610098	46.264067	7.396906	6.797	174.7	23.1	89.9	2.2	3.1	19.7	2016	10	14	12	50	20.64	0.8	1079	1281	183	171	0.003	0.019	1	7.2	2.5	32.4
201610131	46.264473	7.393549	6.879	-84.1	68.3	171.9	2.1	3.1	19.9	2016	10	22	4	12	6.77	0.2	721	804	122	190	0.002	0.022	1	7.2	2.2	32.8
201610157	46.264901	7.391401	7.217	-249.7	115.8	510.5	2.5	3.1	20.4	2016	10	25	2	5	19.68	0.2	846	622	151	155	0.003	0.031	1	7.6	2.8	36.9
201610184	46.26462	7.393816	7.234	-63.5	84.6	527.1	2.4	3.2	20.6	2016	10	29	5	16	48.37	0.3	955	821	147	196	0.004	0.027	1	7.7	2.8	34.4
201611016	46.264172	7.393381	6.756	-97	34.8	49.4	2.3	3.1	19.6	2016	11	3	21	55	53.52	0.8	1233	1954	147	138	0.004	0.024	1	7.4	2.3	33.8
201611115	46.264384	7.393491	6.868	-88.6	58.3	161.3	2.3	3.2	20	2016	11	21	22	51	42.88	0.7	975	1232	161	173	0.003	0.024	1	7.5	2.4	32.6
201611131	46.26451	7.39462	7.331	-1.5	72.4	623.7	2.4	3.3	20.1	2016	11	25	18	29	2.46	2.7	1352	1181	363	247	0.004	0.033	1	7.7	2.6	33.8
201611132	46.264591	7.393686	6.98	-73.5	81.4	272.7	8	3.4	132.2	2016	11	25	18	33	48.26	0.3	7	310	24	0	0.003	0.039	1	16.4	6.1	77.8
201612034	46.267277	7.39264	7.157	-154.2	379.9	450.4	2.3	3.1	19.7	2016	12	8	11	47	23.09	1.4	1634	1375	162	115	0.005	0.025	1	7.4	2.4	34.5
201612036	46.267293	7.392192	7.17	-188.7	381.7	463.1	2.3	3.1	19.8	2016	12	9	11	21	55.54	1.1	1462	1601	212	192	0.005	0.024	1	7.4	2.4	34.8
201612045	46.267261	7.391746	7.127	-223.1	378.1	419.9	2.7	3.2	19.8	2016	12	11	17	26	49.2	0.2	929	672	108	95	0.005	0.021	1	7.8	2.7	38.6
201612057	46.264718	7.393225	7.3	-109.1	95.4	593.6	2.4	3.4	20.4	2016	12	14	16	43	52.18	0.4	1038	898	205	212	0.004	0.027	1	7.9	2.4	33.2
201612095	46.264632	7.39335	7.359	-99.4	85.9	652.2	2.6	3.4	20.1	2016	12	21	11	38	13.85	0.4	827	548	150	89	0.003	0.023	1	8.1	2.9	34.7
201612107	46.264823	7.392767	7.295	-144.3	107.2	588.2	2.4	3.4	19.7	2016	12	22	22	56	40.48	0.5	1144	1049	200	147	0.004	0.028	1	7.9	2.7	33.2
201701006	46.26377	7.399771	6.914	395.6	-10	206.7	2.1	3.3	20	2017	1	3	16	13	41.41	0.4	880	917	117	111	0.003	0.025	1	7.4	2.4	29
201701035	46.263969	7.397783	6.755	242.3	12.2	47.8	2.1	3.2	20.1	2017	1	10	2	51	53.93	0.9	1612	1954	236	174	0.004	0.027	1	7.4	2.3	30.6
201701037	46.264083	7.396982	6.744	180.6	24.9	37.6	2.2	3.2	19.8	2017	1	10	15	24	12.1	0.5	978	926	128	145	0.004	0.019	1	7.3	2.5	32.3
201701039	46.264001	7.397746	6.727	239.5	15.8	20.4	2.2	3.2	20.1	2017	1	11	6	4	49.06	0.6	1102	1341	172	165	0.004	0.018	1	7.3	2.4	31.8
201701086	46.263818	7.398818	6.915	322.2	-4.5	207.6	2.3	3.2	20.7	2017	1	25	17	42	22.24	0.5	1225	964	147	55	0.004	0.02	1	7.4	2.5	32.7
201701091	46.264657	7.393816	7.342	-63.5	88.7	634.7	2.3	3.3	19.6	2017	1	26	19	47	17.84	1.3	1645	1564	282	158	0.004	0.023	1	7.6	2.5	33.1
201701095	46.26394	7.398521	6.942	299.3	9	235	2.4	3.2	20.4	2017	1	27	15	59	25.61	0.5	719	728	226	110	0.003	0.027	1	7.5	2.6	34.5
201702021	46.264331	7.394711	7.389	5.5	52.5	682.6	2.6	3.4	20.7	2017	2	5	3	48	5.92	1	1015	677	372	292	0.004	0.038	1	8	2.9	34.5
201702032	46.264514	7.394494	7.394	-11.3	72.8	687.5	2.4	3.3	20.4	2017	2	8	3	2	3.84	0.5	1170	978	356	254	0.004	0.032	1	7.6	2.9	31.9
201702061	46.26735	7.391811	7.182	-218.1	388.1	475.1	2.3	3.1	20.1	2017	2	14	0	48	50.98	0.8	1278	1357	257	151	0.005	0.022	1	7.5	2.4	34.9
201702068	46.267379	7.391954	7.201	-207.1	391.2	494.5	2.3	3.1	20	2017	2	15	5	13	48.32	1.4	1657	1556	269	151	0.005	0.024	1	7.5	2.3	34.5
201702080	46.264213	7.395561	6.793	71.1	39.3	86.3	2.2	3.1	19.9	2017	2	16	18	7	41.44	0.4	1001	1425	140	158	0.003	0.022	1	7.2	2.4	32.6
201702081	46.264217	7.394936	6.804	22.8	39.8	96.8	2.2	3	19.9	2017	2	16	19	27	38.88	0.5	978	1302	97	125	0.003	0.019	1	7.2	2.4	33.9
201702089	46.264181	7.394368	6.787	-20.9	35.7	79.9	2.2	3.1	19.8	2017	2	17	23	32	39	0.8	1769	2176	313	276	0.004	0.029	1	7.3	2.3	33.6
201702091	46.264119	7.394114	6.773	-40.5	28.9	66.3	2.3	3.1	19.8	2017	2	18	13	22	28.58	2.1	2344	2407	364	293	0.004	0.029	1	7.4	2.2	34.1
201702093	46.264144	7.39348	6.762	-89.4	31.7	55	2.2	3.1	19.7	2017	2	19	6	55	19.33	1.2	1858	2264	350	266	0.003	0.023	1	7.3	2.2	33.4
201702094	46.264115	7.393302	6.733	-103.1	28.5	25.8	2.2	3.1	19.5	2017	2	19	6	55	29.14	1.3	1465	2245	176	188	0.003	0.024	1	7.3	2.1	33.2
201702095	46.264107	7.39274	6.731	-146.5	27.6	24.5	2.3	3.2	19.6	2017	2	19	8	24	41.58	0.3	618	971	92	133	0.003	0.019	1	7.3	2.8	32
201702133	46.264201	7.396318	6.758	129.4	38	51.2	2.2	3.2	20.1	2017	2	27	1	29	12.02	0.5	1482	1963	292	247	0.003	0.033	1	7.5	2.4	31.6
201703007	46.264335	7.393111	6.863	-117.9	52.9	155.7	2.3	3.2	19.7	2017	3	2	9	35	34.86	0.7	522	968	129	163	0.003	0.02	1	7.4	2.5	33.7
201703119	46.264766	7.391934	7.045	-208.6	100.9	337.8	2.3	3.2	19.5	2017	3	10	20	44	50.4	0.9	1221	1668	179	200	0.003	0.027	1	7.5	2.3	34.7
201703120	46.264579	7.393676	6.928	-74.3	80.1	220.8	2.3	3.1	19.9	2017	3	10	22	0	30.56	0.8	1298	1704	179	171	0.003	0.029	1	7.3	2.4	33.9
201703121	46.264559	7.393375	6.933	-97.5	77.8	226	2.2	3.2	19.7	2017	3	10	22	10	2.28	0.9	1390	1732	201	178	0.003	0.023	1	7.5	2.3	32.8
201703169	46.264583	7.391715	6.957	-225.5	80.5	249.7	2.4	3.2	19.7	2017	3	19	7	25	54.73	1.7	1943	1798	378	260	0.004	0.029	1	7.6	2.4	34.5
201703234	46.263953	7.398123	7.147	268.6	10.4	440	2.3	3.1	20.7	2017	3	31	3	29	36.27	0.4	676	882	129	101	0.002	0.04	1	7.2	2.6	33.7
201704006	46.263912	7.397667	7.164	233.4	5.9	457.5	2.3	3.2	20.9	2017	4	2	6	46	57.77	0.3	647	909	83	121	0.002	0.022	1	7.6	2.4	33.3
201704008	46.263896	7.397727	7.14	238.1	4.1	433.2	2.2	3.2	20	2017	4	2	8	22	30.07	1.5	1526	1553	174	147	0.004	0.036	1	7.4	2.4	31.2
201704009	46.26401	7.397057	7.126	186.4	16.7	419.5	2.2	3.3	20.1	2017	4	2	13	58	52.33	1.1	1722	2111	392	344	0.003	0.027	1	7.6	2.2	32.2
201704023	46.264783	7.393776	7.071	-66.5	102.7	364.4	2.2	3.2	20.2	2017	4	6	7	22	22.52	0.8	776	1106	183	191	0.003	0.024	1	7.4	2.4	32.4
201704024	46.26488	7.393021	7.096	-124.8	113.5	389.6	2.3	3.2	20.4	2017	4	6	7	55	48.96	0	361	721	70	178	0.002	0.026	1	7.3	2.6	32.6
201704067	46.263509	7.400083	6.766	419.6	-38.9	59.3	2.1	3.2	20.7	2017	4	19	5	37	6.31	0.7	958	1036	132	159	0.004	0.027	1	7.3	2.5	29.8
201704080	46.263875	7.397958	7.095	255.9	1.8	387.9	2.2	3.2	20.1	2017	4	21	6	55	36.58	1	1465	1790	204	187	0.003	0.025	1	7.5	2.3	32.8
201705007	46.264388	7.391035	6.895	-277.9	58.8	187.8	2.3	3.1	19.6	2017	5	4	11	37	55.34	1	1296	1390	170	150	0.004	0.023	1	7.4	2.3	34.4
201705014	46.264327	7.390741	6.919	-300.5	52	212.5	2.6	3.3	19.5	2017	5	6	10	18	11.53	0	491	568	92	158	0.002	0.024	1	7.8	3	36.4
201705015	46.264543	7.394673	7.129	2.6	76	421.9	2.3	3.2	20.1	2017	5	7	1	9	27.95	0.2	928	1179	207	254	0.003	0.035	1	7.5	2.6	32.4
201705016	46.264494	7.394915	7.128	21.3	70.6	420.8	2.3	3.1	20.1	2017	5	7	1	10	6.44	0.8	1497	1756	295	288	0.003	0.029	1	7.3	2.3	33.9
201705017	46.264262	7.395311	7.135	51.8	44.8	427.6	2.7	3.4	21.8	2017	5	7	4	51	41.02	0.3	457	437	127	119	0.005	0.026	1	8.3	2.9	36.6
201705018	46.264469	7.394939	7.154	23.1	67.8	447.4	2.3	3.1	19.8	2017	5	7	5	0	57.64	1.1	1865	2096	265	301	0.004	0.032	1	7.3	2.4	34.2
201705033	46.263977	7.398476	7.116	295.8	13.1	409.1	2.2	3.2	19.9	2017	5	10	21	26	30.76	0.6	1114	1355	280	246	0.003	0.033	1	7.5	2.4	31.9
201705037	46.26394	7.398786	7.129	319.7	9	421.9	2.2	3.2	20	2017	5	11	23	9	31.52	1.3	1966	1860	370	196	0.003	0.027	1	7.5	2.1	32.7
201705040	46.264494	7.391185	6.935	-266.3	70.6	228.3	2.3	3.2	19.9	2017	5	12	4	13	7.36	0.5	1014	1140	161	179	0.003	0.027	1	7.5	2.4	33.5
201705090	46.264026	7.398598	6.987	305.1	18.5	280.5	2.3	3.3	20.2	2017	5	22	7	44	45.59	1.2	974	1148	71	100	0.003	0.022	1	7.7	2.4	32.1
201705091	46.263981	7.398919	7.002	329.9	13.6	294.7	2.3	3.2	20.2	2017	5	22	7	45	2.58	0.4	700	756	50	87	0.002	0.027	1	7.4	2.5	32.3
201706068	46.264058	7.397038	6.726	184.9	22.2	19.1	2.1	3	19.9	2017	6	18	13	12	19.89	1.7	2161	2624	264	185	0.004	0.024	1	7.1	2.2	32.7
201706069	46.264115	7.396449	6.696	139.5	28.5	-10.7	2.1	3.1	19.7	2017	6	18	16	2	20.86	1	1681	2243	207	170	0.004	0.022	1	7.1	2.2	32.1
201706070	46.264156	7.396117	6.737	113.9	33	30.4	2.2	3	19.9	2017	6	18	16	55	11.53	0.9	1362	2053	156	158	0.003	0.023	1	7.1	2.2	34.2
201706086	46.264063	7.396879	6.665	172.6	22.6	-42.1	2.2	3.1	19.8	2017	6	27	10	39	40.89	0.8	986	1512	83	131	0.004	0.023	1	7.2	2.5	33
201707222	46.264457	7.39104	6.941	-277.5	66.5	233.9	2.3	3.2	19.8	2017	7	9	11	3	2.95	1.3	1657	2111	347	229	0.004	0.031	1	7.5	2.3	33.7
201707274	46.264026	7.392506	6.695	-164.5	18.5	-12.4	2.4	3.1	19.5	2017	7	20	21	5	53.94	1.2	1649	2116	311	202	0.004	0.024	1	7.5	2.3	35.1
201707275	46.264083	7.392784	6.739	-143.1	24.9	32.4	2.4	3.2	19.3	2017	7	20	21	17	17.66	0.6	670	841	103	104	0.003	0.035	1	7.4	2.9	33.9
201707279	46.264046	7.393617	6.699	-78.9	20.8	-7.8	2.3	3.1	19.7	2017	7	21	16	46	54.23	0.9	1214	1969	152	80	0.003	0.021	1	7.4	2.3	34.1
201707282	46.264079	7.393978	6.728	-51	24.4	20.8	2.2	3.1	19.6	2017	7	21	22	26	33.8	0.6	822	1004	94	93	0.003	0.026	1	7.2	2.5	32.1
201707294	46.264006	7.392117	6.698	-194.5	16.3	-8.6	2.2	3.1	19.3	2017	7	25	23	4	48.74	1.4	1993	2158	518	230	0.004	0.027	1	7.4	2.3	33
201707303	46.263973	7.392046	6.673	-199.9	12.7	-34.3	2.3	3.1	19.6	2017	7	26	23	19	36.04	0.8	1677	1954	292	147	0.004	0.023	1	7.3	2.3	34.5
201707314	46.263957	7.39212	6.623	-194.3	10.9	-83.5	2.3	3.1	19.6	2017	7	29	0	11	2.8	0.9	1362	1842	152	192	0.004	0.024	1	7.4	2.3	34.7
201709057	46.264156	7.390979	6.749	-282.2	33	42.6	2.2	3.1	19.8	2017	9	13	11	55	45.16	0.7	843	971	77	129	0.003	0.018	1	7.3	2.3	34.1
201709114	46.263786	7.398939	6.648	331.5	-8.1	-58.7	2.3	3	21.4	2017	9	19	7	23	11.28	0.4	506	772	61	111	0.003	0.023	1	7.1	2.9	34.5
201709120	46.264075	7.391206	6.685	-264.7	24	-21.4	2.3	3	19.5	2017	9	20	13	44	53.1	0.7	557	935	68	129	0.003	0.025	1	7.2	2.6	35.3
201711029	46.264937	7.392602	7.272	-157.1	119.9	565.6	2.4	3.3	19.5	2017	11	3	18	4	33.08	2.8	1945	1810	343	231	0.005	0.032	1	7.8	2.3	34.5
201711035	46.264274	7.39594	7.099	100.3	46.1	391.7	2.3	3.3	20.1	2017	11	3	19	32	58.2	1	1653	2200	231	160	0.003	0.022	1	7.7	2.2	32.7
201711137	46.264929	7.391571	7.224	-236.6	119	516.6	2.4	3.2	20	2017	11	19	7	57	46.99	0.6	1164	1054	137	158	0.004	0.023	1	7.7	2.4	35.2
201711150	46.264738	7.393623	7.194	-78.3	97.7	486.7	2.3	3.2	20.1	2017	11	23	21	56	16.24	0.4	913	970	142	171	0.003	0.025	1	7.5	2.4	34.3
201712019	46.264705	7.394031	7.185	-46.9	94.1	477.8	2.3	3.2	21	2017	12	5	15	39	1.03	-0.2	426	364	123	157	0.002	0.031	1	7.3	2.9	32.6
201801041	46.264128	7.399741	6.944	393.3	29.9	237.5	2.2	3.2	20.2	2018	1	16	0	15	51.94	0.6	788	1109	119	111	0.003	0.024	1	7.3	2.4	31.6
201803097	46.263965	7.397904	7.235	251.7	11.8	527.8	2.2	3.2	20.1	2018	3	30	8	42	54.09	0.9	1022	1320	197	100	0.003	0.036	1	7.5	2.3	32
201805073	46.263969	7.398011	7.223	259.9	12.2	516.3	2.2	3.1	19.7	2018	5	18	14	2	17.65	1.5	1181	1624	268	236	0.004	0.035	1	7.2	2.5	31.9
201807123	46.263298	7.39347	7.246	-90.1	-62.4	539.3	2.4	3.2	20.3	2018	7	28	3	19	32.36	0.6	1250	1150	186	151	0.003	0.028	1	7.6	2.5	34.1
201808023	46.263139	7.394259	7.272	-29.3	-80.1	564.7	2.3	3.3	20.2	2018	8	8	1	9	54.14	1	1414	1530	219	159	0.003	0.03	1	7.7	2.3	32.8
201811060	46.264099	7.396969	6.766	179.6	26.7	59.2	2.2	3.2	20	2018	11	16	3	44	5.94	0.4	1191	1782	258	289	0.003	0.034	1	7.4	2.5	31
201811061	46.264148	7.396563	6.801	148.3	32.1	94.2	2.2	3.1	20.1	2018	11	16	4	22	23.79	0.7	1391	2087	230	188	0.003	0.03	1	7.2	2.3	32.4
201811063	46.264079	7.397081	6.79	188.2	24.4	83.4	2.1	3.1	19.9	2018	11	16	12	21	42.9	1.5	1830	2468	309	295	0.004	0.029	1	7.2	2.3	31.4
201811065	46.263997	7.397663	6.757	233.1	15.4	50.1	2.2	3.1	20.1	2018	11	16	12	32	33.23	1.2	1366	2149	270	233	0.004	0.026	1	7.2	2.4	32.7
201811066	46.264014	7.397964	6.813	256.3	17.2	106.1	2.2	3.1	20.1	2018	11	16	12	36	33.62	0.9	1330	1660	156	161	0.003	0.022	1	7.3	2.3	32.2
201811068	46.263989	7.39774	6.828	239	14.5	120.8	2.3	3.1	20.5	2018	11	16	15	22	42.95	0	356	583	40	80	0.002	0.023	1	7.5	2.4	34.6
201811072	46.263814	7.39842	6.731	291.5	-5	23.7	2.1	3.1	20.2	2018	11	17	6	50	47.25	0.5	1043	1241	182	166	0.004	0.019	1	7.1	2.3	32.1
201811073	46.264164	7.396026	6.76	106.9	33.9	53.5	2.2	3.2	20.2	2018	11	17	14	46	12.15	0.2	908	1252	167	136	0.003	0.023	1	7.4	2.4	32.4
201811074	46.264197	7.39565	6.775	77.9	37.5	67.6	2.2	3.1	19.7	2018	11	17	14	52	42.87	2	2203	2687	300	254	0.004	0.03	1	7.2	2.2	33.1
201811075	46.264197	7.395004	6.776	28.1	37.5	68.7	2.3	3.2	19.6	2018	11	17	14	57	4.07	0.3	829	1053	92	123	0.003	0.017	1	7.4	2.7	33
201811076	46.264221	7.395984	6.801	103.6	40.3	94.2	2.2	3.1	19.9	2018	11	17	15	3	4.82	0.6	1132	1823	168	175	0.003	0.025	1	7.3	2.3	32.9
201811077	46.264075	7.397346	6.845	208.7	24	138.4	2.3	3.2	20	2018	11	17	16	31	59.06	0.4	884	1316	222	193	0.003	0.024	1	7.4	2.5	33
201811078	46.264176	7.397009	6.864	182.6	35.3	156.8	2.2	3.2	20	2018	11	17	20	35	38.68	0.6	1233	1859	183	141	0.003	0.024	1	7.5	2.4	32.2
201811079	46.26429	7.396408	6.801	136.3	47.9	94.5	5.9	5.5	24.4	2018	11	18	7	56	6.04	-0.2	197	438	60	57	0.002	0.037	1	14.5	7.3	131.3
201811092	46.264128	7.397686	6.9	234.9	29.9	193	2.3	3.2	20.3	2018	11	21	9	44	24.32	0.3	741	817	109	103	0.002	0.029	1	7.4	2.6	32.3
201811097	46.264136	7.397819	6.934	245.1	30.8	226.8	2.2	3.3	20.4	2018	11	21	15	29	47.97	0.2	565	672	95	79	0.002	0.017	1	7.5	2.5	31.1
201811099	46.263981	7.398308	6.911	282.8	13.6	204.1	2.2	3.1	20.1	2018	11	21	19	2	17.04	0.5	1175	1111	189	195	0.003	0.021	1	7.2	2.5	33.2
201811100	46.264034	7.398168	6.892	272	19.4	184.7	2.2	3.1	20	2018	11	21	19	5	35.28	0.8	1410	1955	213	201	0.003	0.026	1	7.2	2.3	32.6
201811101	46.263957	7.398577	6.878	303.5	10.9	171.5	2.2	3.1	20	2018	11	21	23	57	13.12	0.7	1435	2006	283	230	0.003	0.023	1	7.2	2.4	33.5
201811110	46.264075	7.398168	6.945	272	24	238.1	2.2	3.2	20.1	2018	11	23	0	50	47.25	0.7	1429	1765	214	154	0.003	0.021	1	7.4	2.3	32.2
201811111	46.264103	7.398029	6.978	261.3	27.1	271.2	2.2	3.2	19.9	2018	11	23	0	52	8.38	2.5	2219	2423	368	256	0.004	0.031	1	7.4	2.3	31.2
201811112	46.264087	7.397937	6.935	254.2	25.3	227.9	2.4	3.2	20.6	2018	11	23	0	52	45.65	2	791	1159	232	158	0.005	0.036	1	7.2	3.5	30.4
201811113	46.26381	7.398943	6.922	331.8	-5.4	215.5	2.2	3	20.1	2018	11	23	0	54	21.39	1.1	1546	1979	306	243	0.004	0.029	1	7.2	2.3	33.8
201811116	46.264164	7.397802	7.016	243.8	33.9	309.1	2.5	3.3	20.5	2018	11	23	16	25	17.99	0.4	649	733	104	69	0.002	0.037	1	7.8	2.6	34.7
201811117	46.263916	7.39869	6.935	312.3	6.3	228.3	2.2	3.2	19.8	2018	11	23	22	36	22.28	1.5	1574	2031	250	123	0.004	0.026	1	7.4	2.4	31.3
201811123	46.264054	7.398634	7.015	307.9	21.7	307.8	2.2	3.3	20.2	2018	11	26	14	22	31.2	0.6	862	926	126	119	0.003	0.027	1	7.4	2.5	30.8
201812005	46.26401	7.398249	6.867	278.3	16.7	160	2.2	3	20	2018	12	2	2	0	18.82	0.3	941	1320	121	159	0.003	0.021	1	7.1	2.4	32.9
201812111	46.264071	7.397092	6.68	189	23.5	-26.5	2.2	3.1	20.7	2018	12	22	6	27	3.44	0.5	743	1022	106	94	0.003	0.024	1	7.1	2.5	31.8
201812117	46.264124	7.396943	6.691	177.6	29.4	-16.4	2.2	3.1	19.9	2018	12	22	23	16	4	0.5	1176	1828	214	197	0.003	0.021	1	7.3	2.3	32.9
201812121	46.264115	7.396779	6.68	164.9	28.5	-26.8	2.1	3.1	19.7	2018	12	23	4	10	52.91	1.9	2161	2444	321	135	0.004	0.025	1	7.2	2.2	32.1
201812122	46.264091	7.396253	6.658	124.4	25.8	-49.1	2.1	3.2	19.8	2018	12	23	4	27	18.36	0.5	1088	1543	159	95	0.003	0.021	1	7.4	2.2	31.4
201812130	46.263953	7.39789	6.673	250.6	10.4	-34.1	2.3	3.1	20.3	2018	12	24	5	52	29.69	0.5	928	1353	176	161	0.004	0.022	1	7.3	2.4	34
201812137	46.263875	7.398026	6.596	261.1	1.8	-110.7	2.1	3.1	20	2018	12	25	0	16	0.06	1.2	1506	1915	200	148	0.004	0.021	1	7.2	2.2	32.1
201901011	46.263761	7.399539	6.594	377.7	-10.9	-113.3	2.2	3.1	20.1	2019	1	3	6	27	28.42	0.5	787	1052	156	173	0.004	0.023	1	7.2	2.5	32.4
201904116	46.264075	7.394223	6.692	-32.2	24	-15	2.2	3	19.5	2019	4	20	18	23	44.4	0.6	894	1287	172	161	0.003	0.021	1	7.2	2.3	34
201908038	46.263729	7.391942	6.583	-207.9	-14.5	-123.9	2.4	3.1	19.7	2019	8	9	6	45	42.59	0.6	602	733	99	112	0.003	0.025	1	7.5	2.7	35.8
201908044	46.263879	7.391826	6.54	-216.9	2.3	-167	2.4	3.1	19.7	2019	8	10	9	11	21.61	0.6	784	759	59	58	0.003	0.025	1	7.2	2.8	35.2
201908054	46.26379	7.391431	6.579	-247.4	-7.7	-127.9	2.2	3.3	19.7	2019	8	13	0	43	26.76	1	1243	1627	311	176	0.003	0.03	1	7.6	2.3	31.8
201908055	46.263912	7.391519	6.532	-240.6	5.9	-175.1	2.2	3.2	19.5	2019	8	13	5	44	7.5	0.8	662	1183	158	98	0.003	0.024	1	7.3	2.6	31.5
201908056	46.263741	7.392257	6.561	-183.7	-13.1	-145.4	2.2	3.4	19.5	2019	8	14	3	22	21.89	2	1745	1616	385	334	0.004	0.026	1	7.7	2.4	29.8
201908057	46.262899	7.403859	9.756	710.8	-106.7	3048.8	15.6	74.2	45.5	2019	8	14	5	16	25.81	0.5	195	1	70	2	0.001	0.054	1	148.9	30.4	177.3
201908058	46.272591	7.415735	11.364	1626.2	970.6	4656.7	134.8	143.6	66.7	2019	8	14	8	37	57.12	0.9	5	4	22	41	0.001	0.059	1	339.3	202.2	41.2
201908059	46.272156	7.415211	11.354	1585.8	922.2	4647.2	168.4	148.4	91.6	2019	8	14	8	38	13.24	0.9	6	5	21	22	0.002	0.014	1	377.7	244.6	54
201908062	46.2639	7.393292	6.568	-103.9	4.5	-139.3	2.2	3.2	19.3	2019	8	14	11	54	4.05	1.3	963	1399	152	132	0.003	0.02	1	7.3	2.4	32.2
201908063	46.26377	7.393061	6.593	-121.7	-10	-113.6	2.2	3.1	19.5	2019	8	14	14	36	21.91	0.8	976	1315	160	137	0.003	0.023	1	7.3	2.2	33
201909125	46.263863	7.392356	6.48	-176	0.5	-227.2	2.3	3.3	19.1	2019	9	20	22	58	1.12	0.4	792	764	137	156	0.003	0.03	1	7.4	2.9	31.2
201909136	46.263892	7.393938	6.564	-54.1	3.6	-142.9	2.2	3.2	19.8	2019	9	24	1	55	55.4	0.4	846	1002	147	184	0.003	0.024	1	7.4	2.4	31.2
201909137	46.263863	7.394567	6.574	-5.6	0.5	-132.5	2.2	3.1	19.7	2019	9	24	5	5	34.54	0.7	1097	1416	173	191	0.003	0.021	1	7.3	2.3	33.3
201909138	46.263855	7.394657	6.562	1.4	-0.5	-145	2.2	3	19.4	2019	9	24	10	32	44.2	0.8	1133	1569	175	215	0.003	0.024	1	7.1	2.2	33.3
201909142	46.263875	7.394081	6.52	-43.1	1.8	-186.7	2.2	3	19.7	2019	9	24	20	20	21.26	0.5	787	1200	83	135	0.003	0.029	1	7.1	2.5	33.4
201909143	46.263867	7.393739	6.508	-69.4	0.9	-198.8	2.2	3.1	19.5	2019	9	25	0	6	35.27	1	1475	1636	279	225	0.003	0.026	1	7.3	2.5	32.8
201909144	46.263843	7.393554	6.488	-83.7	-1.8	-218.6	2.3	3	20.2	2019	9	25	6	50	45.66	2	1467	1675	420	300	0.004	0.034	1	7.2	2.5	35.4
201909145	46.263786	7.393472	6.43	-90	-8.1	-277	2.4	3.1	19.2	2019	9	25	6	55	26.92	0.5	491	779	83	174	0.002	0.022	1	7.3	2.8	34.6
201909146	46.263867	7.392355	6.44	-176.1	0.9	-266.7	2.2	3.2	18.9	2019	9	25	6	58	8.64	0.8	924	1104	88	123	0.004	0.025	1	7.2	2.7	31.5
201909147	46.263704	7.394547	6.591	-7.2	-17.2	-116.1	2.3	3.1	19.9	2019	9	25	7	9	52.78	0.9	959	1135	148	169	0.003	0.02	1	7.3	2.4	33.9
201909148	46.263725	7.393389	6.6	-96.4	-14.9	-107.2	2.2	3.2	19.6	2019	9	25	7	40	33.05	2.1	1972	2055	296	236	0.004	0.032	1	7.5	2.3	32.4
201909149	46.26359	7.394837	6.627	15.2	-29.9	-80.2	2.3	3.1	19.8	2019	9	25	9	45	47.15	1.2	1143	1657	163	153	0.003	0.026	1	7.4	2.3	33.7
201909153	46.263501	7.393722	6.66	-70.8	-39.8	-46.5	2.3	3.2	19.5	2019	9	25	22	42	25.48	0.8	1398	1611	157	152	0.003	0.022	1	7.6	2.4	33.9
201909154	46.263481	7.393575	6.654	-82.1	-42.1	-52.6	2.3	3.1	19.5	2019	9	26	0	3	1.56	1.5	1747	1908	281	256	0.003	0.033	1	7.4	2.2	33.9
201909155	46.263908	7.391694	6.526	-227.1	5.4	-181.3	2.2	3.1	19.3	2019	9	26	2	30	56.1	0.8	1209	1519	157	155	0.004	0.023	1	7.2	2.5	32.7
201910003	46.263831	7.394682	6.493	3.3	-3.2	-213.8	2.2	3.1	19.4	2019	10	1	19	24	19.06	0.9	1217	1502	182	127	0.003	0.018	1	7.4	2.3	33.1
201910004	46.263761	7.394707	6.461	5.2	-10.9	-246.3	2.2	3.1	19.3	2019	10	1	20	14	8.24	1.5	1393	1620	170	96	0.004	0.018	1	7.2	2.4	32.1
201910005	46.263822	7.395149	6.481	39.3	-4.1	-226	2.1	3.1	19.6	2019	10	1	20	43	4.24	1.5	1466	1552	274	138	0.004	0.022	1	7.2	2.4	31.6
201910019	46.263859	7.396872	6.578	172.1	0	-128.7	2.3	3.2	19.9	2019	10	5	19	13	47.68	0.4	812	748	150	127	0.003	0.028	1	7.4	2.7	31.8
201910020	46.263936	7.39668	6.506	157.3	8.6	-201	2.4	3.1	19.7	2019	10	5	20	28	45.4	0.4	777	724	102	83	0.003	0.018	1	7.3	2.8	34.9
201910021	46.263932	7.396635	6.493	153.8	8.1	-213.4	2.2	3.1	19.7	2019	10	5	20	51	54.48	1.3	1652	1728	271	132	0.004	0.027	1	7.3	2.2	32.3
201910027	46.263831	7.396095	6.596	112.2	-3.2	-110.6	2.2	3.1	19.5	2019	10	6	19	50	58.92	0.9	1261	1377	375	151	0.003	0.027	1	7.2	2.3	32.5
201910030	46.263786	7.395694	6.608	81.3	-8.1	-99	2.2	3.1	19.8	2019	10	7	4	12	31.23	1.1	1176	1562	188	137	0.003	0.024	1	7.3	2.3	32.5
201910121	46.263782	7.393404	6.416	-95.3	-8.6	-290.6	2.2	3.1	19.1	2019	10	16	22	51	49.68	0.5	1133	950	202	209	0.003	0.027	1	7.2	2.4	32.3
201910123	46.26377	7.394133	6.427	-39.1	-10	-280.2	2.2	3.1	19.5	2019	10	16	23	39	43.84	0.3	836	1031	170	188	0.003	0.032	1	7.2	2.5	32.8
201910124	46.263786	7.393293	6.408	-103.8	-8.1	-298.6	2.2	3.2	19.4	2019	10	17	0	7	28.46	1.3	1717	1792	340	258	0.004	0.03	1	7.4	2.3	31.3
201910125	46.263778	7.393791	6.431	-65.4	-9	-276.1	2.1	3.1	19.1	2019	10	17	0	8	2.46	1.3	1746	1891	287	232	0.004	0.035	1	7.1	2.4	31.9
201910126	46.263822	7.394353	6.436	-22.1	-4.1	-270.4	2.2	3	19.3	2019	10	17	0	10	3.08	0.8	896	869	216	246	0.005	0.044	1	7	2.7	32.1
201910127	46.263831	7.392532	6.423	-162.5	-3.2	-283.9	2.3	3.3	19.4	2019	10	17	0	10	53.21	0.4	896	594	153	0	0.003	0.023	1	7.4	2.8	31.1
201910128	46.263806	7.392829	6.389	-139.6	-5.9	-317.9	2.2	3.1	19.2	2019	10	17	0	10	54.64	1	940	1424	0	158	0.004	0.034	1	7.3	2.3	33.1
201910129	46.263839	7.392292	6.414	-181	-2.3	-292.5	2.2	3.1	18.6	2019	10	17	0	15	9.96	0.8	1271	1460	259	223	0.004	0.025	1	7.3	2.5	32.4
201910130	46.26377	7.393882	6.378	-58.4	-10	-328.5	2.1	3.1	19	2019	10	17	0	18	51.28	1.3	1578	1828	233	198	0.004	0.026	1	7.1	2.4	32.1
201911164	46.263737	7.393426	6.348	-93.6	-13.6	-358.9	2.2	3.2	19.3	2019	11	5	20	44	22.52	0.6	772	946	110	179	0.004	0.03	1	7.3	2.6	32.1
201911173	46.263753	7.392976	6.365	-128.3	-11.8	-341.5	2.3	3.1	19.2	2019	11	5	21	32	40.02	0.8	1162	1213	165	150	0.004	0.022	1	7.4	2.6	33.7
202003166	46.263932	7.395387	6.53	57.6	8.1	-176.6	2.2	3	19.6	2020	3	30	7	28	40.75	0.6	1185	1194	165	155	0.003	0.028	1	7	2.5	33.6
202005070	46.25815	7.408823	4.301	1093.5	-634.6	-2405.8	17.6	9.5	93.5	2020	5	19	6	10	3.5	2	158	75	86	61	0.003	0.045	1	37.9	13.1	113
202104025	46.263916	7.388521	6.566	-471.7	6.3	-141.3	2.2	3.3	19.1	2021	4	7	20	34	6.18	1.5	1734	1852	350	261	0.004	0.027	1	7.5	2.4	31.7
202104026	46.263839	7.38907	6.608	-429.4	-2.3	-98.6	2.3	3.3	19.4	2021	4	7	21	1	0.08	0.6	900	1061	104	123	0.003	0.019	1	7.5	2.7	32.1
202104027	46.263729	7.390076	6.647	-351.9	-14.5	-60.2	2.3	3.3	19.2	2021	4	8	0	51	10.91	0.7	868	1252	156	189	0.003	0.019	1	7.7	2.4	32.6
202104028	46.263741	7.389675	6.652	-382.7	-13.1	-54.5	2.2	3.2	19.2	2021	4	8	1	34	9.54	1	1189	1622	333	292	0.004	0.023	1	7.4	2.4	32.2
202104029	46.263822	7.389707	6.558	-380.3	-4.1	-148.8	2.2	3.3	19.2	2021	4	8	9	50	15.96	1.6	1311	1699	288	283	0.004	0.025	1	7.6	2.4	31.8
202104031	46.263961	7.386857	6.645	-600	11.3	-62.3	2.3	3.2	19	2021	4	8	22	29	58.12	0.9	1012	1340	241	233	0.004	0.025	1	7.5	2.6	32.3
202104035	46.263863	7.389069	6.614	-429.5	0.5	-92.7	2.2	3.3	19	2021	4	9	12	22	37.55	0.5	760	785	132	164	0.003	0.024	1	7.6	2.6	30.8
202104037	46.263883	7.388244	6.627	-493.1	2.7	-79.5	2.2	3.2	19	2021	4	9	23	50	57.84	1.6	1790	1759	344	214	0.004	0.028	1	7.5	2.3	32.4
202104055	46.263538	7.391819	6.701	-217.5	-35.7	-6.2	2.2	3.1	19.6	2021	4	15	14	36	24.45	0.8	1112	1397	159	148	0.003	0.028	1	7.3	2.3	33.4
202104056	46.263847	7.388803	6.696	-450	-1.4	-10.4	2.3	3.2	19.1	2021	4	15	17	7	32.02	0.6	1045	919	116	156	0.003	0.024	1	7.5	2.4	32.4
202104057	46.263969	7.388038	6.533	-509	12.2	-173.9	2.2	3.1	18.9	2021	4	15	19	52	51.46	0.6	949	1016	169	214	0.003	0.027	1	7.2	2.4	33.6
202104090	46.263879	7.388764	6.691	-453	2.3	-16.3	2.2	3.2	19.1	2021	4	21	14	57	52.56	1.6	1550	1849	320	265	0.004	0.029	1	7.4	2.5	32.5
202104099	46.26359	7.391456	6.684	-245.4	-29.9	-22.6	2.2	3.2	19.5	2021	4	22	20	42	56.3	2.3	1691	2034	343	271	0.005	0.03	1	7.4	2.3	33.2
202104100	46.263708	7.391979	6.606	-205.1	-16.7	-101.2	2.2	3.1	19.3	2021	4	22	20	56	14.68	1.3	1503	1557	525	417	0.004	0.026	1	7.3	2.4	32.3
202104101	46.263529	7.39214	6.663	-192.7	-36.6	-44.2	2.3	3.2	19.6	2021	4	22	21	57	12.14	1	1334	1896	387	302	0.004	0.026	1	7.6	2.2	33.9
202104104	46.26381	7.391486	6.587	-243.2	-5.4	-119.4	2.3	3.2	19.5	2021	4	23	5	22	58.06	1.5	1521	1819	396	363	0.004	0.025	1	7.5	2.4	32.4
202104129	46.263509	7.392524	6.71	-163.1	-38.9	3.4	2.4	3.1	19.6	2021	4	27	13	33	21.49	0.7	879	942	144	159	0.003	0.029	1	7.5	2.6	35.4
202104144	46.263403	7.392972	6.725	-128.6	-50.7	18.2	2.3	3.2	19.6	2021	4	30	0	0	47.83	0.6	1261	1495	229	228	0.003	0.031	1	7.5	2.3	33.4
202105001	46.263513	7.392352	6.663	-176.3	-38.4	-44.1	2.2	3.2	19.4	2021	5	1	5	29	33.54	1.5	1855	2235	288	190	0.004	0.024	1	7.4	2.3	32.9
202105069	46.263867	7.389737	6.352	-377.9	0.9	-354.7	2.3	3.1	18.9	2021	5	13	20	45	37.62	0.7	996	870	111	142	0.003	0.02	1	7.3	2.5	33.5
202105070	46.263818	7.390542	6.313	-315.9	-4.5	-394.3	2.2	3.2	18.9	2021	5	13	22	40	0.94	1.1	1480	1127	285	195	0.004	0.02	1	7.2	2.6	30.9
202105071	46.263969	7.388379	6.362	-482.7	12.2	-344.8	2.2	3.1	19.2	2021	5	14	5	49	7.05	1.9	1541	1361	338	182	0.005	0.025	1	7.2	2.7	32.1
202105074	46.263831	7.390164	6.295	-345	-3.2	-411.6	2.2	3.1	19	2021	5	15	5	42	31.93	0.8	1040	873	185	213	0.004	0.024	1	7.1	2.3	33.1
202105075	46.263888	7.389896	6.397	-365.7	3.2	-310.2	2.3	3.3	19.1	2021	5	16	2	35	11.26	1.9	1781	1651	420	278	0.005	0.024	1	7.6	2.5	31.6
202105076	46.263619	7.390109	6.395	-349.3	-26.7	-312	5.7	9.3	25.5	2021	5	16	3	28	33.17	1.6	501	158	334	231	0.005	0.024	1	20.4	7.9	25.7
202105077	46.263871	7.390329	6.353	-332.3	1.4	-353.8	2.2	3.2	18.7	2021	5	16	4	9	42.88	0.6	865	637	100	156	0.003	0.02	1	7.4	2.6	31.9
202105078	46.264054	7.386951	6.444	-592.8	21.7	-263	2.2	3.3	18.9	2021	5	16	17	59	25.56	0.9	1281	1184	204	169	0.004	0.025	1	7.5	2.6	30.5
202105079	46.263928	7.389373	6.425	-406	7.7	-282.1	2.2	3.1	18.6	2021	5	17	2	26	5.08	0.7	812	986	121	145	0.004	0.023	1	7.2	2.6	33.1
202105081	46.264054	7.387069	6.452	-583.7	21.7	-254.8	2.3	3.2	18.7	2021	5	18	1	52	8.62	0.4	717	567	65	120	0.003	0.022	1	7.3	2.9	32.6
202105082	46.263883	7.388784	6.529	-451.4	2.7	-177.5	2.3	3.4	19.4	2021	5	18	10	21	49.27	2.8	1717	1722	367	284	0.005	0.041	1	7.7	2.9	31.2
202105083	46.264022	7.387578	6.575	-544.4	18.1	-132.2	2.2	3.3	18.8	2021	5	18	10	22	38.04	1.8	1224	1281	254	190	0.004	0.026	1	7.5	2.6	31.2
202105084	46.264071	7.38717	6.497	-575.9	23.5	-209.4	2.3	3.2	19.1	2021	5	18	10	39	1.09	1.2	1275	1229	139	158	0.004	0.024	1	7.4	2.7	32.7
202105088	46.264083	7.386753	6.454	-608	24.9	-252.4	2.3	3.2	18.9	2021	5	19	2	12	13.73	0.9	1361	1225	249	186	0.004	0.025	1	7.3	2.6	32.9
202105108	46.263932	7.391506	6.54	-241.6	8.1	-167	2.2	3.1	19.3	2021	5	24	20	57	6.6	0.9	1078	1534	308	241	0.004	0.027	1	7.3	2.3	33.8
202105111	46.263957	7.386615	6.758	-618.6	10.9	50.7	2.3	3.4	19.3	2021	5	25	10	59	14.49	1.7	1361	1614	238	210	0.004	0.024	1	7.8	2.6	31.9
202105112	46.263521	7.391236	6.752	-262.4	-37.5	45.2	2.2	3.1	19.6	2021	5	25	20	22	29.6	2	2049	2221	334	246	0.004	0.029	1	7.3	2.3	32.8
202105113	46.263745	7.389284	6.757	-412.9	-12.7	50.1	2.2	3.3	19.2	2021	5	25	20	45	58.44	1.2	1342	1483	330	189	0.004	0.031	1	7.5	2.4	31.5
202105114	46.263619	7.390521	6.712	-317.5	-26.7	5.5	2.2	3.1	19.6	2021	5	26	3	26	16.1	1.2	1662	2014	379	255	0.004	0.03	1	7.3	2.3	33.1